1.030675e+00	3.460208e-03	4.245675e-05	0.000000e+00	1.666667e+00	5.363436e-01	1.000000e+00
1.067485e+00	3.897072e-03	1.794348e-04	3.980631e-03	1.212250e+01	2.885178e+25	1.017302e+00
1.104294e+00	4.518928e-03	3.349503e-04	4.655275e-03	4.215962e+00	2.577871e+06	1.007124e+00
1.141104e+00	5.018203e-03	5.108059e-04	5.215486e-03	4.026901e+00	9.287945e+05	1.005685e+00
1.177914e+00	6.135724e-03	7.158727e-04	6.511482e-03	1.678698e+00	3.701193e+00	8.893342e-01
1.251534e+00	7.037100e-03	1.202111e-03	7.605059e-03	3.781567e+00	1.660237e+05	1.019296e+00
1.325153e+00	1.019062e-02	1.830073e-03	1.167406e-02	1.135050e+00	3.336263e-01	-1.841913e-01
1.398773e+00	1.199377e-02	2.647159e-03	1.412940e-02	2.265724e+00	5.961239e+01	1.003686e+00
1.538650e+00	1.984464e-02	4.837055e-03	2.569690e-02	1.197146e+00	5.278997e-01	5.853308e-02
1.651405e+00	2.967957e-02	7.596512e-03	4.141648e-02	1.121379e+00	3.922553e-01	-7.132307e-01
1.764159e+00	4.418505e-02	1.171144e-02	6.623802e-02	1.087828e+00	3.485918e-01	-1.518785e+00
1.876913e+00	6.533786e-02	1.781406e-02	1.048194e-01	1.072183e+00	3.319881e-01	-2.172886e+00
1.989668e+00	9.567958e-02	2.679091e-02	1.635797e-01	1.069846e+00	3.298786e-01	-2.299240e+00
2.102422e+00	1.381879e-01	3.984081e-02	2.506885e-01	1.079485e+00	3.374256e-01	-1.813092e+00
2.215176e+00	1.958154e-01	5.850180e-02	3.752638e-01	1.102158e+00	3.529113e-01	-1.008085e+00
2.327930e+00	2.705534e-01	8.459959e-02	5.452298e-01	1.140969e+00	3.759671e-01	-2.029195e-01
2.440685e+00	3.621026e-01	1.200672e-01	7.637112e-01	1.201278e+00	4.068085e-01	4.617092e-01
2.553439e+00	4.667145e-01	1.666168e-01	1.025110e+00	1.291007e+00	4.456313e-01	9.696662e-01
2.666193e+00	5.771684e-01	2.253403e-01	1.313502e+00	1.421338e+00	4.921625e-01	1.349140e+00
2.778948e+00	6.844717e-01	2.964010e-01	1.605710e+00	1.607509e+00	5.451890e-01	1.633106e+00
2.891702e+00	7.806042e-01	3.789821e-01	1.878293e+00	1.870143e+00	6.022660e-01	1.848251e+00
3.004456e+00	8.606767e-01	4.715301e-01	2.114335e+00	2.237504e+00	6.596370e-01	2.013883e+00
3.117211e+00	9.234220e-01	5.721441e-01	2.306357e+00	2.748547e+00	7.122043e-01	2.143273e+00
3.229965e+00	9.702780e-01	6.789370e-01	2.455027e+00	3.457580e+00	7.535932e-01	2.245505e+00
3.342719e+00	1.004025e+00	7.902688e-01	2.565905e+00	4.441258e+00	7.762952e-01	2.326894e+00
3.455473e+00	1.027703e+00	9.048312e-01	2.646369e+00	5.807784e+00	7.720457e-01	2.391905e+00
3.568228e+00	1.044012e+00	1.021643e+00	2.703630e+00	7.711709e+00	7.329054e-01	2.443853e+00
3.680982e+00	1.055103e+00	1.139994e+00	2.743821e+00	1.037254e+01	6.535454e-01	2.485245e+00
