1.1 3.542 168.5 0.9775 0.15 15.7 0.259
1.3 12.13 200.4 1.022 0.42 13.4 0.670
1.5 34.81 234.5 1.122 0.95 14.7 1.66
1.7 42.24 270.9 1.151 0.19 14.9 1.85
1.9 49.44 308.1 1.176 0.20 15.0 1.99
2.1 56.96 346.2 1.200 0.20 15.0 2.08
2.3 64.79 384.9 1.222 0.20 15.0 2.13
2.5 72.90 424.4 1.243 0.21 14.9 2.17
2.7 81.29 464.5 1.263 0.21 14.9 2.20
2.9 89.94 505.2 1.283 0.21 14.8 2.22
3.1 98.84 546.5 1.301 0.22 14.7 2.23
3.3 108.0 588.5 1.319 0.22 14.6 2.24
3.5 117.4 631.0 1.336 0.22 14.5 2.24
3.7 127.0 674.0 1.353 0.22 14.4 2.24
3.9 136.8 717.5 1.369 0.23 14.3 2.24