1.1 2.163 167.8 0.9657 0.041 22.2 0.144
1.3 3.687 198.8 0.9736 0.058 18.1 0.168
1.5 5.822 230.1 0.9831 0.079 14.3 0.231
1.7 8.681 261.8 0.9943 0.10 12.6 0.322
1.9 12.38 293.8 1.007 0.13 12.0 0.415
2.1 17.04 326.2 1.022 0.16 11.6 0.526
2.3 22.79 359.2 1.038 0.19 11.5 0.652
2.5 29.74 392.7 1.056 0.22 11.4 0.768
2.7 38.02 426.8 1.076 0.26 11.4 0.875
2.9 47.76 461.6 1.098 0.30 11.4 0.989
3.1 59.09 497.1 1.121 0.34 11.3 1.11
3.3 72.14 533.3 1.147 0.38 11.3 1.22
3.5 87.05 570.5 1.174 0.42 11.3 1.32
3.7 103.9 608.5 1.203 0.47 11.3 1.42
3.9 123.0 647.5 1.235 0.51 11.2 1.50
4.1 144.3 687.6 1.268 0.55 11.2 1.58
4.3 167.9 728.7 1.303 0.60 11.1 1.66
4.5 194.2 771.0 1.341 0.64 11.0 1.72
4.7 223.1 814.5 1.380 0.69 10.9 1.78
4.9 254.8 859.3 1.421 0.73 10.9 1.83
5.1 289.5 905.5 1.464 0.77 10.8 1.88
5.3 327.4 953.1 1.510 0.82 10.7 1.92
5.5 368.5 1002. 1.558 0.86 10.6 1.95
5.7 413.0 1053. 1.607 0.90 10.5 1.98
5.9 455.3 1105. 1.653 0.30 10.5 2.01
6.1 471.1 1158. 1.669 0.30 10.4 2.01
6.3 486.9 1212. 1.685 0.29 10.4 2.02
6.5 502.8 1266. 1.701 0.29 10.4 2.02
6.7 518.6 1321. 1.716 0.29 10.4 2.03
6.9 534.5 1376. 1.730 0.29 10.3 2.03
7.1 550.3 1431. 1.744 0.28 10.3 2.03
7.3 566.2 1487. 1.758 0.28 10.3 2.03
7.5 582.1 1544. 1.772 0.28 10.3 2.03