0.000005	0.001008
0.000006	0.001043
0.000006	0.001080
0.000006	0.001118
0.000007	0.001157
0.000007	0.001198
0.000008	0.001240
0.000008	0.001284
0.000008	0.001329
0.000009	0.001376
0.000010	0.001424
0.000010	0.001474
0.000011	0.001526
0.000011	0.001580
0.000012	0.001636
0.000013	0.001693
0.000013	0.001753
0.000014	0.001815
0.000015	0.001879
0.000016	0.001945
0.000017	0.002013
0.000018	0.002084
0.000019	0.002158
0.000020	0.002234
0.000021	0.002313
0.000022	0.002394
0.000024	0.002479
0.000025	0.002566
0.000027	0.002657
0.000028	0.002751
0.000030	0.002848
0.000032	0.002948
0.000034	0.003053
0.000035	0.003160
0.000038	0.003272
0.000040	0.003388
0.000042	0.003508
0.000061	0.003632
0.000092	0.003762
0.000140	0.003897
0.000190	0.004039
0.000220	0.004188
0.000254	0.004342
0.000294	0.004504
0.000340	0.004672
0.000390	0.004848
0.000448	0.005032
0.000512	0.005225
0.000543	0.005426
0.000575	0.005635
0.000609	0.005853
0.000645	0.006079
0.000683	0.006315
0.000734	0.006560
0.000836	0.006817
0.000952	0.007086
0.001084	0.007370
0.001212	0.007668
0.001260	0.007979
0.001310	0.008303
0.001362	0.008639
0.001416	0.008990
0.001473	0.009355
0.001531	0.009734
0.001592	0.010129
0.001655	0.010540
0.001721	0.010967
0.001790	0.011412
0.001892	0.011875
0.002045	0.012358
0.002211	0.012865
0.002390	0.013395
0.002583	0.013950
0.002723	0.014530
0.002837	0.015135
0.002956	0.015766
0.003080	0.016422
0.003210	0.017106
0.003345	0.017819
0.003485	0.018561
0.003631	0.019334
0.003784	0.020139
0.003943	0.020978
0.004108	0.021852
0.004281	0.022762
0.004460	0.023711
0.004648	0.024698
0.004842	0.025728
0.005033	0.026799
0.005230	0.027915
0.005436	0.029077
0.005649	0.030287
0.005871	0.031547
0.006102	0.032859
0.006341	0.034225
0.006591	0.035647
0.006849	0.037128
0.007118	0.038670
0.007398	0.040275
0.007686	0.041946
0.007686	0.041946
0.010152	0.056741
0.013383	0.076671
0.017606	0.103483
0.023149	0.139519
0.030470	0.187907
0.040167	0.252849
0.053250	0.339999
0.071062	0.456975
0.095739	0.614119
0.130968	0.825620
0.183871	1.111264
0.270103	1.499649
0.439870	2.035737
1.004386	2.600253
1000000000000000019884624838656.000000	1000000000000000019884624838656.000000
