0. 0.0000434714 0.000187854 
0. 0.000768041 0.00020917 
0.02 -0.0000996694 0.000113845 
0.02 0.000328014 0.000464495 
0.04 -0.000157141 0.000177396 
0.04 -0.0000301412 0.000222174 
0.06 0.000166386 0.000188108 
0.06 0.000846828 0.000407437 
0.08 -2.58222e-6 0.000197542 
0.08  6.85206e-6 0.000128452 
0.1 0.000443719 0.000563775 
0.1 0.00102258 0.000294863 
0.12 0.00119696 0.000224134 
0.12 0.00223194 0.000197185 
0.14 0.00183926 0.000336754 
0.16 0.00160942 0.000335964 
0.16 0.00335228 0.000228576 
0.18 0.0015297 0.000702214 
0.18 0.00249998 0.000291569 
0.2 0.00357026 0.000199999 
0.2 0.00425898 0.000201672 
0.22 0.00378105 0.000217242 
0.22 0.00380809 0.000283066 
0.24 0.00396337 0.000201014 
0.24 0.00475001 0.000306178 
0.26 0.00455834 0.000630129 
0.26 0.00469439 0.000246012 
0.28 0.00544567 0.000415979 
0.28 0.00676943 0.000367961 
0.3 0.00843278 0.000616831 
0.3 0.0109802 0.000592994 
0.32 0.0102149 0.000397443 
0.32 0.0111275 0.00040511 
0.34 0.0123449 0.000590126 
0.34 0.0128931 0.000687699 
0.36 0.0117382 0.000382499 
0.36 0.0122108 0.000464169 
0.38 0.0185772 0.00115043 
0.4 0.0220941 0.000604152 
0.4 0.0261718 0.000349794 
0.42 0.0257065 0.000530881 
0.44 0.0273861 0.000362177 
0.44 0.0276404 0.000214881 
0.46 0.0279931 0.000516123 
0.48 0.0287906 0.000420414 
0.48 0.0292666 0.000336418 
0.5 0.0318436 0.000985428 
0.52 0.0324493 0.000743611 
0.52 0.0336381 0.00070907 
0.54 0.0384755 0.000920545 
0.56 0.0443266 0.000935918 
0.56 0.0455851 0.000910157 
0.58 0.0506317 0.000971992 
0.6 0.0581046 0.000618978 
0.6 0.0593174 0.00107586 
0.62 0.0651977 0.00170536 
0.64 0.0797168 0.000245031 
0.68 0.0914277 0.000342076 
0.72 0.132399 0.00071398 
0.76 0.155826 0.00842106 
2 14 0