0.000000e+00	0.000000e+00	0.000000e+00	9.395654e+02
1.000000e-10	1.424966e-04	1.516623e-07	9.395654e+02
1.204504e-10	1.593269e-04	1.695753e-07	9.395654e+02
1.450829e-10	1.781452e-04	1.896040e-07	9.395654e+02
1.747528e-10	1.991860e-04	2.119982e-07	9.395654e+02
2.104904e-10	2.227121e-04	2.370375e-07	9.395654e+02
2.535364e-10	2.490168e-04	2.650343e-07	9.395654e+02
3.053856e-10	2.784283e-04	2.963377e-07	9.395654e+02
3.678380e-10	3.113137e-04	3.313384e-07	9.395654e+02
4.430621e-10	3.480833e-04	3.704731e-07	9.395654e+02
5.336699e-10	3.891957e-04	4.142300e-07	9.395654e+02
6.428073e-10	4.351639e-04	4.631551e-07	9.395654e+02
7.742637e-10	4.865614e-04	5.178588e-07	9.395654e+02
9.326033e-10	5.440296e-04	5.790236e-07	9.395654e+02
1.123324e-09	6.082854e-04	6.474126e-07	9.395654e+02
1.353048e-09	6.801305e-04	7.238792e-07	9.395654e+02
1.629751e-09	7.604612e-04	8.093773e-07	9.395654e+02
1.963041e-09	8.502799e-04	9.049736e-07	9.395654e+02
2.364489e-09	9.507072e-04	1.011861e-06	9.395654e+02
2.848036e-09	1.062996e-03	1.131373e-06	9.395654e+02
3.430469e-09	1.188547e-03	1.265001e-06	9.395654e+02
4.132012e-09	1.328928e-03	1.414411e-06	9.395654e+02
4.977024e-09	1.485888e-03	1.581469e-06	9.395654e+02
5.994843e-09	1.661388e-03	1.768258e-06	9.395654e+02
7.220809e-09	1.857616e-03	1.977109e-06	9.395654e+02
8.697490e-09	2.077020e-03	2.210627e-06	9.395654e+02
1.047616e-08	2.322339e-03	2.471727e-06	9.395654e+02
1.261857e-08	2.596632e-03	2.763666e-06	9.395654e+02
1.519911e-08	2.903322e-03	3.090086e-06	9.395654e+02
1.830738e-08	3.246236e-03	3.455060e-06	9.395654e+02
2.205131e-08	3.629652e-03	3.863141e-06	9.395654e+02
2.656088e-08	4.058353e-03	4.319422e-06	9.395654e+02
3.199267e-08	4.537688e-03	4.829595e-06	9.395654e+02
3.853529e-08	5.073638e-03	5.400025e-06	9.395654e+02
4.641589e-08	5.672890e-03	6.037830e-06	9.395654e+02
5.590810e-08	6.342920e-03	6.750967e-06	9.395654e+02
6.734151e-08	7.092087e-03	7.548335e-06	9.395654e+02
8.111308e-08	7.929739e-03	8.439881e-06	9.395654e+02
9.770100e-08	8.866327e-03	9.436730e-06	9.395654e+02
1.176812e-07	9.913536e-03	1.055132e-05	9.395654e+02
1.417474e-07	1.108443e-02	1.179755e-05	9.395654e+02
1.707353e-07	1.239362e-02	1.319099e-05	9.395654e+02
2.056512e-07	1.385744e-02	1.474900e-05	9.395654e+02
2.477076e-07	1.549416e-02	1.649104e-05	9.395654e+02
2.983647e-07	1.732419e-02	1.843883e-05	9.395654e+02
3.593814e-07	1.937036e-02	2.061668e-05	9.395654e+02
4.328761e-07	2.165821e-02	2.305177e-05	9.395654e+02
5.214008e-07	2.421628e-02	2.577447e-05	9.395654e+02
6.280291e-07	2.707648e-02	2.881876e-05	9.395654e+02
7.564633e-07	3.027451e-02	3.222262e-05	9.395654e+02
9.111628e-07	3.385025e-02	3.602853e-05	9.395654e+02
1.097499e-06	3.784834e-02	4.028398e-05	9.395654e+02
1.321941e-06	4.231863e-02	4.504205e-05	9.395654e+02
1.592283e-06	4.731692e-02	5.036213e-05	9.395654e+02
1.917910e-06	5.290556e-02	5.631059e-05	9.395654e+02
2.310130e-06	5.915428e-02	6.296165e-05	9.395654e+02
2.782559e-06	6.614104e-02	7.039832e-05	9.395654e+02
3.351603e-06	7.395301e-02	7.871337e-05	9.395654e+02
4.037017e-06	8.268766e-02	8.801058e-05	9.395654e+02
4.862602e-06	9.245397e-02	9.840596e-05	9.395654e+02
5.857021e-06	1.033738e-01	1.100292e-04	9.395654e+02
7.054802e-06	1.155833e-01	1.230254e-04	9.395654e+02
8.497534e-06	1.292350e-01	1.375567e-04	9.395654e+02
1.023531e-05	1.444990e-01	1.538044e-04	9.395654e+02
1.232847e-05	1.615659e-01	1.719713e-04	9.395654e+02
1.484968e-05	1.806486e-01	1.922841e-04	9.395654e+02
1.788650e-05	2.019852e-01	2.149963e-04	9.395654e+02
2.154435e-05	2.258418e-01	2.403913e-04	9.395654e+02
2.595024e-05	2.525162e-01	2.687861e-04	9.395654e+02
3.125716e-05	2.823411e-01	3.005350e-04	9.395654e+02
3.764936e-05	3.156886e-01	3.360343e-04	9.395654e+02
4.534879e-05	3.529748e-01	3.757271e-04	9.395654e+02
5.462277e-05	3.946650e-01	4.201087e-04	9.395654e+02
6.579332e-05	4.412792e-01	4.697331e-04	9.395654e+02
7.924829e-05	4.933990e-01	5.252197e-04	9.395654e+02
9.545485e-05	5.516748e-01	5.872611e-04	9.395654e+02
1.149757e-04	6.168336e-01	6.566318e-04	9.395654e+02
1.384886e-04	6.896883e-01	7.341977e-04	9.395654e+02
1.668101e-04	7.711479e-01	8.209271e-04	9.395654e+02
2.009233e-04	8.622288e-01	9.179028e-04	9.395654e+02
2.420128e-04	9.640674e-01	1.026336e-03	9.395654e+02
2.915053e-04	1.077934e+00	1.147579e-03	9.395654e+02
3.511192e-04	1.205250e+00	1.283147e-03	9.395654e+02
4.229243e-04	1.347603e+00	1.434733e-03	9.395654e+02
5.094138e-04	1.506769e+00	1.604230e-03	9.395654e+02
6.135907e-04	1.684735e+00	1.793753e-03	9.395654e+02
7.390722e-04	1.883721e+00	2.005672e-03	9.395654e+02
8.902151e-04	2.106208e+00	2.242631e-03	9.395654e+02
1.072267e-03	2.354974e+00	2.507592e-03	9.395654e+02
1.291550e-03	2.633122e+00	2.803864e-03	9.395654e+02
1.555676e-03	2.944123e+00	3.135150e-03	9.395654e+02
1.873817e-03	3.291855e+00	3.505588e-03	9.395654e+02
2.257020e-03	3.680659e+00	3.919808e-03	9.395654e+02
2.718588e-03	4.115385e+00	4.382987e-03	9.395654e+02
3.274549e-03	4.601456e+00	4.900915e-03	9.395654e+02
3.944206e-03	5.144938e+00	5.480067e-03	9.395654e+02
4.750810e-03	5.752610e+00	6.127685e-03	9.395654e+02
5.722368e-03	6.432056e+00	6.851868e-03	9.395654e+02
6.892612e-03	7.191751e+00	7.661674e-03	9.395654e+02
8.302176e-03	8.041175e+00	8.567234e-03	9.395654e+02
1.000000e-02	8.990925e+00	9.579881e-03	9.395654e+02
1.000000e-02	8.990925e+00	9.579881e-03	9.395654e+02
1.023340e-02	9.116253e+00	9.713519e-03	9.395654e+02
1.047225e-02	9.243329e+00	9.849023e-03	9.395654e+02
1.071668e-02	9.372176e+00	9.986418e-03	9.395654e+02
1.096681e-02	9.502819e+00	1.012573e-02	9.395654e+02
1.122277e-02	9.635283e+00	1.026699e-02	9.395654e+02
1.148472e-02	9.769594e+00	1.041022e-02	9.395654e+02
1.175277e-02	9.905777e+00	1.055544e-02	9.395654e+02
1.202708e-02	1.004386e+01	1.070270e-02	9.395654e+02
1.230780e-02	1.018386e+01	1.085201e-02	9.395654e+02
1.259506e-02	1.032582e+01	1.100340e-02	9.395654e+02
1.288904e-02	1.046976e+01	1.115691e-02	9.395654e+02
1.318987e-02	1.061570e+01	1.131256e-02	9.395654e+02
1.349772e-02	1.076368e+01	1.147038e-02	9.395654e+02
1.381276e-02	1.091372e+01	1.163041e-02	9.395654e+02
1.413516e-02	1.106585e+01	1.179267e-02	9.395654e+02
1.446507e-02	1.122010e+01	1.195719e-02	9.395654e+02
1.480269e-02	1.137650e+01	1.212402e-02	9.395654e+02
1.514819e-02	1.153508e+01	1.229317e-02	9.395654e+02
1.550175e-02	1.169588e+01	1.246468e-02	9.395654e+02
1.586357e-02	1.185891e+01	1.263858e-02	9.395654e+02
1.623382e-02	1.202422e+01	1.281492e-02	9.395654e+02
1.661273e-02	1.219183e+01	1.299371e-02	9.395654e+02
1.700047e-02	1.236178e+01	1.317500e-02	9.395654e+02
1.739726e-02	1.253409e+01	1.335883e-02	9.395654e+02
1.780332e-02	1.270881e+01	1.354521e-02	9.395654e+02
1.821885e-02	1.288597e+01	1.373421e-02	9.395654e+02
1.864409e-02	1.306559e+01	1.392584e-02	9.395654e+02
1.907924e-02	1.324772e+01	1.412014e-02	9.395654e+02
1.952456e-02	1.343238e+01	1.431716e-02	9.395654e+02
1.998026e-02	1.361962e+01	1.451693e-02	9.395654e+02
2.044661e-02	1.380947e+01	1.471949e-02	9.395654e+02
2.092383e-02	1.400197e+01	1.492487e-02	9.395654e+02
2.141220e-02	1.419715e+01	1.513313e-02	9.395654e+02
2.191197e-02	1.439505e+01	1.534429e-02	9.395654e+02
2.242340e-02	1.459571e+01	1.555840e-02	9.395654e+02
2.294676e-02	1.479917e+01	1.577550e-02	9.395654e+02
2.348235e-02	1.500546e+01	1.599563e-02	9.395654e+02
2.403043e-02	1.521463e+01	1.621883e-02	9.395654e+02
2.459130e-02	1.542671e+01	1.644516e-02	9.395654e+02
2.516527e-02	1.564175e+01	1.667464e-02	9.395654e+02
2.575263e-02	1.585979e+01	1.690733e-02	9.395654e+02
2.635371e-02	1.608086e+01	1.714326e-02	9.395654e+02
2.696881e-02	1.630502e+01	1.738249e-02	9.395654e+02
2.759826e-02	1.653231e+01	1.762507e-02	9.395654e+02
2.824241e-02	1.676276e+01	1.787103e-02	9.395654e+02
2.890160e-02	1.699642e+01	1.812042e-02	9.395654e+02
2.957617e-02	1.723334e+01	1.837330e-02	9.395654e+02
3.026648e-02	1.747356e+01	1.862971e-02	9.395654e+02
3.097291e-02	1.771714e+01	1.888970e-02	9.395654e+02
3.169582e-02	1.796410e+01	1.915332e-02	9.395654e+02
3.243561e-02	1.821451e+01	1.942063e-02	9.395654e+02
3.319266e-02	1.846841e+01	1.969166e-02	9.395654e+02
3.396739e-02	1.872585e+01	1.996649e-02	9.395654e+02
3.476019e-02	1.898688e+01	2.024515e-02	9.395654e+02
3.557150e-02	1.925155e+01	2.052770e-02	9.395654e+02
3.640175e-02	1.951991e+01	2.081420e-02	9.395654e+02
3.725137e-02	1.979200e+01	2.110471e-02	9.395654e+02
3.812083e-02	2.006789e+01	2.139927e-02	9.395654e+02
3.901058e-02	2.034763e+01	2.169794e-02	9.395654e+02
3.992109e-02	2.063126e+01	2.200079e-02	9.395654e+02
4.085286e-02	2.091885e+01	2.230787e-02	9.395654e+02
4.180637e-02	2.121045e+01	2.261924e-02	9.395654e+02
4.278214e-02	2.150611e+01	2.293496e-02	9.395654e+02
4.378069e-02	2.180589e+01	2.325509e-02	9.395654e+02
4.480254e-02	2.210986e+01	2.357969e-02	9.395654e+02
4.584824e-02	2.241806e+01	2.390882e-02	9.395654e+02
4.691835e-02	2.273055e+01	2.424256e-02	9.395654e+02
4.801343e-02	2.304740e+01	2.458096e-02	9.395654e+02
4.913407e-02	2.336867e+01	2.492408e-02	9.395654e+02
5.028087e-02	2.369442e+01	2.527200e-02	9.395654e+02
5.145444e-02	2.402471e+01	2.562478e-02	9.395654e+02
5.265540e-02	2.435960e+01	2.598249e-02	9.395654e+02
5.388438e-02	2.469916e+01	2.634520e-02	9.395654e+02
5.514206e-02	2.504345e+01	2.671298e-02	9.395654e+02
5.642908e-02	2.539254e+01	2.708589e-02	9.395654e+02
5.774615e-02	2.574650e+01	2.746402e-02	9.395654e+02
5.909396e-02	2.610539e+01	2.784743e-02	9.395654e+02
6.047322e-02	2.646929e+01	2.823620e-02	9.395654e+02
6.188468e-02	2.683825e+01	2.863041e-02	9.395654e+02
6.332908e-02	2.721236e+01	2.903012e-02	9.395654e+02
6.480720e-02	2.759169e+01	2.943541e-02	9.395654e+02
6.631981e-02	2.797630e+01	2.984638e-02	9.395654e+02
6.786773e-02	2.836628e+01	3.026308e-02	9.395654e+02
6.945178e-02	2.876169e+01	3.068561e-02	9.395654e+02
7.107280e-02	2.916261e+01	3.111405e-02	9.395654e+02
7.273165e-02	2.956912e+01	3.154847e-02	9.395654e+02
7.442922e-02	2.998130e+01	3.198897e-02	9.395654e+02
7.616642e-02	3.039922e+01	3.243562e-02	9.395654e+02
7.794416e-02	3.082297e+01	3.288852e-02	9.395654e+02
7.976339e-02	3.125263e+01	3.334775e-02	9.395654e+02
8.162509e-02	3.168827e+01	3.381339e-02	9.395654e+02
8.353023e-02	3.212999e+01	3.428555e-02	9.395654e+02
8.547985e-02	3.257786e+01	3.476431e-02	9.395654e+02
8.747496e-02	3.303198e+01	3.524976e-02	9.395654e+02
8.951665e-02	3.349243e+01	3.574200e-02	9.395654e+02
9.160598e-02	3.395930e+01	3.624112e-02	9.395654e+02
9.374409e-02	3.443267e+01	3.674722e-02	9.395654e+02
9.593209e-02	3.491264e+01	3.726039e-02	9.395654e+02
9.817117e-02	3.539931e+01	3.778074e-02	9.395654e+02
1.004625e-01	3.589275e+01	3.830837e-02	9.395654e+02
1.028073e-01	3.639308e+01	3.884337e-02	9.395654e+02
1.052069e-01	3.690038e+01	3.938585e-02	9.395654e+02
1.076624e-01	3.741475e+01	3.993592e-02	9.395654e+02
1.101753e-01	3.793629e+01	4.049368e-02	9.395654e+02
1.127468e-01	3.846510e+01	4.105925e-02	9.395654e+02
1.153783e-01	3.900128e+01	4.163272e-02	9.395654e+02
1.180713e-01	3.954494e+01	4.221421e-02	9.395654e+02
1.208271e-01	4.009618e+01	4.280384e-02	9.395654e+02
1.236472e-01	4.065510e+01	4.340171e-02	9.395654e+02
1.265332e-01	4.122181e+01	4.400794e-02	9.395654e+02
1.294865e-01	4.179641e+01	4.462265e-02	9.395654e+02
1.325087e-01	4.237903e+01	4.524596e-02	9.395654e+02
1.356015e-01	4.296977e+01	4.587799e-02	9.395654e+02
1.387665e-01	4.356875e+01	4.651886e-02	9.395654e+02
1.420053e-01	4.417608e+01	4.716870e-02	9.395654e+02
1.453198e-01	4.479187e+01	4.782763e-02	9.395654e+02
1.487115e-01	4.541624e+01	4.849577e-02	9.395654e+02
1.521825e-01	4.604932e+01	4.917327e-02	9.395654e+02
1.557345e-01	4.669122e+01	4.986024e-02	9.395654e+02
1.593694e-01	4.734207e+01	5.055682e-02	9.395654e+02
1.630891e-01	4.800199e+01	5.126315e-02	9.395654e+02
1.668956e-01	4.867111e+01	5.197936e-02	9.395654e+02
1.707910e-01	4.934956e+01	5.270560e-02	9.395654e+02
1.747773e-01	5.003747e+01	5.344199e-02	9.395654e+02
1.788566e-01	5.073497e+01	5.418869e-02	9.395654e+02
1.830312e-01	5.144218e+01	5.494584e-02	9.395654e+02
1.873032e-01	5.215926e+01	5.571359e-02	9.395654e+02
1.916748e-01	5.288633e+01	5.649208e-02	9.395654e+02
1.961486e-01	5.362354e+01	5.728147e-02	9.395654e+02
2.007267e-01	5.437102e+01	5.808190e-02	9.395654e+02
2.054117e-01	5.512892e+01	5.889354e-02	9.395654e+02
2.102061e-01	5.589739e+01	5.971654e-02	9.395654e+02
2.151123e-01	5.667657e+01	6.055106e-02	9.395654e+02
2.201331e-01	5.746661e+01	6.139726e-02	9.395654e+02
2.252711e-01	5.826766e+01	6.225531e-02	9.395654e+02
2.305289e-01	5.907988e+01	6.312537e-02	9.395654e+02
2.359095e-01	5.990343e+01	6.400761e-02	9.395654e+02
2.414157e-01	6.073845e+01	6.490220e-02	9.395654e+02
2.470504e-01	6.158511e+01	6.580932e-02	9.395654e+02
2.528166e-01	6.244357e+01	6.672913e-02	9.395654e+02
2.587174e-01	6.331400e+01	6.766183e-02	9.395654e+02
2.647559e-01	6.419656e+01	6.860759e-02	9.395654e+02
2.709354e-01	6.509143e+01	6.956659e-02	9.395654e+02
2.772591e-01	6.599877e+01	7.053902e-02	9.395654e+02
2.837304e-01	6.691875e+01	7.152507e-02	9.395654e+02
2.903527e-01	6.785157e+01	7.252493e-02	9.395654e+02
2.971296e-01	6.879738e+01	7.353880e-02	9.395654e+02
3.040646e-01	6.975638e+01	7.456686e-02	9.395654e+02
3.111616e-01	7.072874e+01	7.560932e-02	9.395654e+02
3.184242e-01	7.171466e+01	7.666639e-02	9.395654e+02
3.258562e-01	7.271433e+01	7.773826e-02	9.395654e+02
3.334618e-01	7.372793e+01	7.882515e-02	9.395654e+02
3.412449e-01	7.475565e+01	7.992727e-02	9.395654e+02
3.492096e-01	7.579771e+01	8.104483e-02	9.395654e+02
3.573602e-01	7.685429e+01	8.217804e-02	9.395654e+02
3.657011e-01	7.792559e+01	8.332713e-02	9.395654e+02
3.742366e-01	7.901183e+01	8.449233e-02	9.395654e+02
3.829714e-01	8.011322e+01	8.567385e-02	9.395654e+02
3.919100e-01	8.122995e+01	8.687193e-02	9.395654e+02
4.010573e-01	8.236225e+01	8.808680e-02	9.395654e+02
4.104181e-01	8.351034e+01	8.931869e-02	9.395654e+02
4.199973e-01	8.467443e+01	9.056785e-02	9.395654e+02
4.298001e-01	8.585474e+01	9.183452e-02	9.395654e+02
4.398317e-01	8.705151e+01	9.311895e-02	9.395654e+02
4.500975e-01	8.816796e+01	9.295343e-02	9.533597e+02
4.606029e-01	8.906916e+01	9.389992e-02	9.534595e+02
4.713535e-01	8.997958e+01	9.485605e-02	9.535600e+02
4.823549e-01	9.089930e+01	9.582191e-02	9.536614e+02
4.936132e-01	9.182842e+01	9.679760e-02	9.537637e+02
5.051342e-01	9.276704e+01	9.778323e-02	9.538668e+02
5.169242e-01	9.371525e+01	9.877890e-02	9.539707e+02
5.289893e-01	9.467316e+01	9.978470e-02	9.540756e+02
5.413360e-01	9.564085e+01	1.008007e-01	9.541813e+02
5.539709e-01	9.661844e+01	1.018271e-01	9.542879e+02
5.669007e-01	9.760602e+01	1.028640e-01	9.543955e+02
5.801323e-01	9.860369e+01	1.039114e-01	9.545039e+02
5.936727e-01	9.961156e+01	1.049695e-01	9.546133e+02
6.075292e-01	1.006297e+02	1.060383e-01	9.547237e+02
6.217090e-01	1.016583e+02	1.071180e-01	9.548350e+02
6.362198e-01	1.026974e+02	1.082087e-01	9.549473e+02
6.510694e-01	1.037471e+02	1.093106e-01	9.550605e+02
6.662655e-01	1.048076e+02	1.104236e-01	9.551748e+02
6.818162e-01	1.058789e+02	1.115480e-01	9.552901e+02
6.977300e-01	1.069611e+02	1.126838e-01	9.554064e+02
7.140151e-01	1.080544e+02	1.138312e-01	9.555238e+02
7.306804e-01	1.091046e+02	1.149284e-01	9.556846e+02
7.477346e-01	1.101566e+02	1.160266e-01	9.558531e+02
7.651869e-01	1.112188e+02	1.171353e-01	9.560228e+02
7.830465e-01	1.122913e+02	1.182546e-01	9.561936e+02
8.013230e-01	1.133740e+02	1.193846e-01	9.563657e+02
8.200261e-01	1.144672e+02	1.205254e-01	9.565391e+02
8.391656e-01	1.155710e+02	1.216771e-01	9.567137e+02
8.587519e-01	1.166854e+02	1.228398e-01	9.568896e+02
8.787954e-01	1.178106e+02	1.240137e-01	9.570668e+02
8.993067e-01	1.189465e+02	1.251987e-01	9.572453e+02
9.202967e-01	1.200732e+02	1.263761e-01	9.574081e+02
9.417766e-01	1.211912e+02	1.275465e-01	9.575564e+02
9.637579e-01	1.223197e+02	1.287278e-01	9.577061e+02
9.862522e-01	1.234587e+02	1.299201e-01	9.578572e+02
1.009272e+00	1.246082e+02	1.311234e-01	9.580098e+02
1.032828e+00	1.257685e+02	1.323379e-01	9.581639e+02
1.056935e+00	1.269396e+02	1.335636e-01	9.583195e+02
1.081604e+00	1.281216e+02	1.348006e-01	9.584766e+02
1.106848e+00	1.293146e+02	1.360491e-01	9.586353e+02
1.132683e+00	1.305187e+02	1.373092e-01	9.587955e+02
1.159120e+00	1.317291e+02	1.385740e-01	9.589695e+02
1.186174e+00	1.329299e+02	1.398212e-01	9.591968e+02
1.213859e+00	1.341416e+02	1.410797e-01	9.594259e+02
1.242191e+00	1.353644e+02	1.423494e-01	9.596566e+02
1.271184e+00	1.365983e+02	1.436306e-01	9.598891e+02
1.300854e+00	1.378434e+02	1.449233e-01	9.601234e+02
1.331216e+00	1.390999e+02	1.462277e-01	9.603595e+02
1.362287e+00	1.403679e+02	1.475438e-01	9.605974e+02
1.394083e+00	1.416474e+02	1.488717e-01	9.608371e+02
1.426621e+00	1.429386e+02	1.502116e-01	9.610788e+02
1.459919e+00	1.442415e+02	1.515636e-01	9.613223e+02
1.493993e+00	1.455282e+02	1.529069e-01	9.615144e+02
1.528864e+00	1.468223e+02	1.542592e-01	9.617011e+02
1.564548e+00	1.481280e+02	1.556234e-01	9.618899e+02
1.601064e+00	1.494453e+02	1.569997e-01	9.620807e+02
1.638434e+00	1.507743e+02	1.583882e-01	9.622736e+02
1.676675e+00	1.521152e+02	1.597889e-01	9.624686e+02
1.715809e+00	1.534679e+02	1.612021e-01	9.626658e+02
1.755856e+00	1.548327e+02	1.626277e-01	9.628651e+02
1.796838e+00	1.562096e+02	1.640660e-01	9.630666e+02
1.838777e+00	1.575988e+02	1.655170e-01	9.632703e+02
1.881694e+00	1.590071e+02	1.669708e-01	9.635742e+02
1.925614e+00	1.604307e+02	1.684334e-01	9.639199e+02
1.970558e+00	1.618670e+02	1.699088e-01	9.642680e+02
2.016551e+00	1.633163e+02	1.713971e-01	9.646185e+02
2.063618e+00	1.647784e+02	1.728984e-01	9.649715e+02
2.111783e+00	1.662537e+02	1.744129e-01	9.653270e+02
2.161073e+00	1.677422e+02	1.759407e-01	9.656850e+02
2.211512e+00	1.689873e+02	1.772271e-01	9.659855e+02
2.263130e+00	1.702312e+02	1.785125e-01	9.662868e+02
2.315951e+00	1.714842e+02	1.798073e-01	9.665913e+02
2.370006e+00	1.727465e+02	1.811115e-01	9.668990e+02
2.425323e+00	1.740181e+02	1.824251e-01	9.672101e+02
2.481930e+00	1.752990e+02	1.837483e-01	9.675244e+02
2.539859e+00	1.765894e+02	1.850810e-01	9.678422e+02
2.599140e+00	1.778892e+02	1.864234e-01	9.681634e+02
2.659804e+00	1.791986e+02	1.877756e-01	9.684882e+02
2.721885e+00	1.805177e+02	1.891376e-01	9.688165e+02
2.785414e+00	1.818465e+02	1.905094e-01	9.691484e+02
2.850426e+00	1.831850e+02	1.918912e-01	9.694840e+02
2.916956e+00	1.845334e+02	1.932830e-01	9.698234e+02
2.985038e+00	1.858918e+02	1.946849e-01	9.701665e+02
3.054710e+00	1.872601e+02	1.960970e-01	9.705136e+02
3.126007e+00	1.886385e+02	1.975193e-01	9.708645e+02
3.198969e+00	1.900270e+02	1.989520e-01	9.712194e+02
3.273634e+00	1.914258e+02	2.003950e-01	9.715784e+02
3.350041e+00	1.928349e+02	2.018485e-01	9.719415e+02
3.428231e+00	1.942543e+02	2.033125e-01	9.723087e+02
3.508247e+00	1.956842e+02	2.047872e-01	9.726802e+02
3.590130e+00	1.971246e+02	2.062725e-01	9.730561e+02
3.673925e+00	1.985756e+02	2.077687e-01	9.734363e+02
3.759675e+00	2.000459e+02	2.092757e-01	9.738616e+02
3.847427e+00	2.015286e+02	2.107937e-01	9.742988e+02
3.937226e+00	2.030223e+02	2.123226e-01	9.747407e+02
4.029122e+00	2.045270e+02	2.138627e-01	9.751873e+02
4.123163e+00	2.060430e+02	2.154139e-01	9.756386e+02
4.219398e+00	2.075701e+02	2.169764e-01	9.760947e+02
4.317880e+00	2.091086e+02	2.185502e-01	9.765557e+02
4.418660e+00	2.106585e+02	2.201355e-01	9.770217e+02
4.521792e+00	2.122198e+02	2.217322e-01	9.774928e+02
4.627332e+00	2.137928e+02	2.233405e-01	9.779690e+02
4.735335e+00	2.153774e+02	2.249605e-01	9.784505e+02
4.845859e+00	2.169737e+02	2.265922e-01	9.789373e+02
4.958962e+00	2.185819e+02	2.282358e-01	9.794294e+02
5.074705e+00	2.202020e+02	2.298913e-01	9.799270e+02
5.193150e+00	2.218341e+02	2.315588e-01	9.804302e+02
5.314359e+00	2.234783e+02	2.332384e-01	9.809391e+02
5.438397e+00	2.251347e+02	2.349301e-01	9.814537e+02
5.565331e+00	2.268033e+02	2.366342e-01	9.819741e+02
5.695227e+00	2.284843e+02	2.383506e-01	9.825005e+02
5.828155e+00	2.301786e+02	2.400795e-01	9.830358e+02
5.964185e+00	2.319007e+02	2.418212e-01	9.836397e+02
6.103390e+00	2.336358e+02	2.435755e-01	9.842498e+02
6.245845e+00	2.353838e+02	2.453426e-01	9.848662e+02
6.391624e+00	2.371449e+02	2.471225e-01	9.854891e+02
6.540806e+00	2.389192e+02	2.489153e-01	9.861185e+02
6.693470e+00	2.407068e+02	2.507212e-01	9.867546e+02
6.849697e+00	2.425077e+02	2.525401e-01	9.873974e+02
7.009570e+00	2.443221e+02	2.543722e-01	9.880470e+02
7.173175e+00	2.461501e+02	2.562176e-01	9.887037e+02
7.340598e+00	2.479918e+02	2.580764e-01	9.893674e+02
7.511929e+00	2.498472e+02	2.599487e-01	9.900383e+02
7.687260e+00	2.517165e+02	2.618346e-01	9.907165e+02
7.866682e+00	2.535999e+02	2.637341e-01	9.914021e+02
8.050292e+00	2.554973e+02	2.656474e-01	9.920953e+02
8.238187e+00	2.574089e+02	2.675746e-01	9.927961e+02
8.430468e+00	2.593348e+02	2.695158e-01	9.935047e+02
8.627237e+00	2.612751e+02	2.714711e-01	9.942212e+02
8.828599e+00	2.632379e+02	2.734408e-01	9.949742e+02
9.034660e+00	2.652186e+02	2.754249e-01	9.957459e+02
9.245531e+00	2.672141e+02	2.774234e-01	9.965259e+02
9.461324e+00	2.692246e+02	2.794364e-01	9.973144e+02
9.682153e+00	2.712503e+02	2.814640e-01	9.981114e+02
9.908137e+00	2.732912e+02	2.835063e-01	9.989171e+02
1.013939e+01	2.753474e+02	2.855634e-01	9.997316e+02
1.037605e+01	2.774191e+02	2.876355e-01	1.000555e+03
1.061823e+01	2.795064e+02	2.897226e-01	1.001388e+03
1.086606e+01	2.816095e+02	2.918248e-01	1.002230e+03
1.111968e+01	2.837283e+02	2.939423e-01	1.003081e+03
1.137921e+01	2.858631e+02	2.960752e-01	1.003942e+03
1.164481e+01	2.880139e+02	2.982235e-01	1.004813e+03
1.191660e+01	2.901809e+02	3.003874e-01	1.005693e+03
1.219473e+01	2.923643e+02	3.025670e-01	1.006584e+03
1.247936e+01	2.945700e+02	3.047622e-01	1.007505e+03
1.277063e+01	2.968039e+02	3.069730e-01	1.008475e+03
1.306870e+01	2.990546e+02	3.091997e-01	1.009455e+03
1.337373e+01	3.013225e+02	3.114426e-01	1.010447e+03
1.368587e+01	3.036075e+02	3.137018e-01	1.011449e+03
1.400531e+01	3.059099e+02	3.159774e-01	1.012462e+03
1.433219e+01	3.082297e+02	3.182695e-01	1.013487e+03
1.466671e+01	3.105671e+02	3.205782e-01	1.014523e+03
1.500903e+01	3.129222e+02	3.229036e-01	1.015570e+03
1.535935e+01	3.152952e+02	3.252459e-01	1.016629e+03
1.571784e+01	3.176862e+02	3.276052e-01	1.017701e+03
1.608469e+01	3.200953e+02	3.299816e-01	1.018784e+03
1.646012e+01	3.225227e+02	3.323753e-01	1.019880e+03
1.684430e+01	3.249685e+02	3.347863e-01	1.020988e+03
1.723745e+01	3.274479e+02	3.372133e-01	1.022158e+03
1.763977e+01	3.299615e+02	3.396564e-01	1.023391e+03
1.805149e+01	3.324944e+02	3.421171e-01	1.024637e+03
1.847281e+01	3.350467e+02	3.445957e-01	1.025897e+03
1.890397e+01	3.376186e+02	3.470922e-01	1.027170e+03
1.934520e+01	3.402103e+02	3.496069e-01	1.028457e+03
1.979672e+01	3.428218e+02	3.521397e-01	1.029758e+03
2.025878e+01	3.454534e+02	3.546909e-01	1.031073e+03
2.073162e+01	3.481052e+02	3.572606e-01	1.032403e+03
2.121550e+01	3.507774e+02	3.598489e-01	1.033747e+03
2.171068e+01	3.534700e+02	3.624559e-01	1.035107e+03
2.221741e+01	3.561834e+02	3.650818e-01	1.036482e+03
2.273597e+01	3.589175e+02	3.677268e-01	1.037872e+03
2.326663e+01	3.616993e+02	3.703939e-01	1.039342e+03
2.380968e+01	3.645057e+02	3.730806e-01	1.040835e+03
2.436540e+01	3.673339e+02	3.757869e-01	1.042344e+03
2.493409e+01	3.701841e+02	3.785128e-01	1.043870e+03
2.551606e+01	3.730563e+02	3.812584e-01	1.045413e+03
2.611161e+01	3.759509e+02	3.840240e-01	1.046972e+03
2.672106e+01	3.788679e+02	3.868096e-01	1.048549e+03
2.734474e+01	3.818075e+02	3.896154e-01	1.050144e+03
2.798297e+01	3.847700e+02	3.924416e-01	1.051756e+03
2.863610e+01	3.877554e+02	3.952883e-01	1.053387e+03
2.930447e+01	3.907640e+02	3.981557e-01	1.055036e+03
2.998844e+01	3.938091e+02	4.010440e-01	1.056736e+03
3.068838e+01	3.969015e+02	4.039538e-01	1.058512e+03
3.140465e+01	4.000182e+02	4.068846e-01	1.060307e+03
3.213764e+01	4.031593e+02	4.098368e-01	1.062123e+03
3.288774e+01	4.063251e+02	4.128103e-01	1.063958e+03
3.365535e+01	4.095158e+02	4.158054e-01	1.065814e+03
3.444087e+01	4.127315e+02	4.188223e-01	1.067690e+03
3.524473e+01	4.159725e+02	4.218610e-01	1.069587e+03
3.606735e+01	4.192389e+02	4.249218e-01	1.071506e+03
3.690917e+01	4.225310e+02	4.280048e-01	1.073446e+03
3.777064e+01	4.258489e+02	4.311102e-01	1.075408e+03
3.865221e+01	4.292258e+02	4.342379e-01	1.077469e+03
3.955436e+01	4.326428e+02	4.373883e-01	1.079583e+03
4.047757e+01	4.360869e+02	4.405615e-01	1.081721e+03
4.142232e+01	4.395585e+02	4.437578e-01	1.083881e+03
4.238913e+01	4.430577e+02	4.469772e-01	1.086066e+03
4.337850e+01	4.465847e+02	4.502200e-01	1.088275e+03
4.439097e+01	4.501398e+02	4.534863e-01	1.090509e+03
4.542706e+01	4.537233e+02	4.567763e-01	1.092768e+03
4.648734e+01	4.573352e+02	4.600902e-01	1.095052e+03
4.757236e+01	4.609759e+02	4.634281e-01	1.097362e+03
4.868271e+01	4.646846e+02	4.667900e-01	1.099782e+03
4.981898e+01	4.684313e+02	4.701763e-01	1.102247e+03
5.098176e+01	4.722081e+02	4.735872e-01	1.104738e+03
5.217169e+01	4.760154e+02	4.770228e-01	1.107258e+03
5.338938e+01	4.798534e+02	4.804833e-01	1.109805e+03
5.463550e+01	4.837224e+02	4.839690e-01	1.112381e+03
5.591071e+01	4.876225e+02	4.874799e-01	1.114986e+03
5.721568e+01	4.915541e+02	4.910163e-01	1.117620e+03
5.855110e+01	4.955173e+02	4.945784e-01	1.120284e+03
5.991770e+01	4.995418e+02	4.981664e-01	1.123037e+03
6.131619e+01	5.036183e+02	5.017805e-01	1.125860e+03
6.274732e+01	5.077281e+02	5.054209e-01	1.128713e+03
6.421186e+01	5.118714e+02	5.090877e-01	1.131599e+03
6.571058e+01	5.160485e+02	5.127811e-01	1.134517e+03
6.724427e+01	5.202598e+02	5.165013e-01	1.137469e+03
6.881377e+01	5.245054e+02	5.202484e-01	1.140453e+03
7.041990e+01	5.287856e+02	5.240228e-01	1.143472e+03
7.206351e+01	5.331008e+02	5.278245e-01	1.146525e+03
7.374549e+01	5.375297e+02	5.316525e-01	1.149765e+03
7.546673e+01	5.419993e+02	5.355081e-01	1.153047e+03
7.722814e+01	5.465061e+02	5.393916e-01	1.156366e+03
7.903066e+01	5.510503e+02	5.433034e-01	1.159722e+03
8.087525e+01	5.556323e+02	5.472435e-01	1.163116e+03
8.276289e+01	5.602524e+02	5.512121e-01	1.166548e+03
8.469460e+01	5.649109e+02	5.552096e-01	1.170019e+03
8.667139e+01	5.696082e+02	5.592360e-01	1.173529e+03
8.869432e+01	5.744038e+02	5.633007e-01	1.177165e+03
9.076446e+01	5.792538e+02	5.673971e-01	1.180863e+03
9.288292e+01	5.841447e+02	5.715232e-01	1.184602e+03
9.505083e+01	5.890769e+02	5.756794e-01	1.188383e+03
9.726934e+01	5.940508e+02	5.798658e-01	1.192207e+03
9.953962e+01	5.990666e+02	5.840826e-01	1.196074e+03
1.018629e+02	6.041248e+02	5.883301e-01	1.199986e+03
1.042404e+02	6.092331e+02	5.926044e-01	1.203963e+03
1.066734e+02	6.144295e+02	5.968849e-01	1.208110e+03
1.091632e+02	6.196702e+02	6.011964e-01	1.212305e+03
1.117111e+02	6.249556e+02	6.055391e-01	1.216547e+03
1.143184e+02	6.302861e+02	6.099131e-01	1.220837e+03
1.169866e+02	6.356620e+02	6.143187e-01	1.225176e+03
1.197171e+02	6.410838e+02	6.187561e-01	1.229565e+03
1.225114e+02	6.465519e+02	6.232256e-01	1.234005e+03
1.253708e+02	6.521676e+02	6.277415e-01	1.238628e+03
1.282970e+02	6.578534e+02	6.322931e-01	1.243332e+03
1.312915e+02	6.635887e+02	6.368777e-01	1.248089e+03
1.343558e+02	6.693741e+02	6.414956e-01	1.252900e+03
1.374917e+02	6.752099e+02	6.461469e-01	1.257766e+03
1.407008e+02	6.810965e+02	6.508319e-01	1.262687e+03
1.439848e+02	6.870345e+02	6.555510e-01	1.267665e+03
1.473454e+02	6.931260e+02	6.603221e-01	1.272820e+03
1.507845e+02	6.992823e+02	6.651298e-01	1.278046e+03
1.543038e+02	7.054933e+02	6.699726e-01	1.283332e+03
1.579053e+02	7.117594e+02	6.748506e-01	1.288677e+03
1.615909e+02	7.180812e+02	6.797641e-01	1.294084e+03
1.653624e+02	7.244592e+02	6.847134e-01	1.299553e+03
1.692220e+02	7.309195e+02	6.896879e-01	1.305143e+03
1.731717e+02	7.374879e+02	6.946771e-01	1.310911e+03
1.772136e+02	7.441153e+02	6.997024e-01	1.316744e+03
1.813498e+02	7.508022e+02	7.047641e-01	1.322644e+03
1.855825e+02	7.575493e+02	7.098624e-01	1.328612e+03
1.899141e+02	7.643569e+02	7.149975e-01	1.334649e+03
1.943467e+02	7.712304e+02	7.201704e-01	1.340762e+03
1.988828e+02	7.783023e+02	7.253975e-01	1.347103e+03
2.035248e+02	7.854391e+02	7.306625e-01	1.353517e+03
2.082751e+02	7.926414e+02	7.359657e-01	1.360004e+03
2.131362e+02	7.999097e+02	7.413074e-01	1.366567e+03
2.181109e+02	8.072446e+02	7.466879e-01	1.373205e+03
2.232016e+02	8.146495e+02	7.521074e-01	1.379924e+03
2.284112e+02	8.222597e+02	7.575700e-01	1.386896e+03
2.337424e+02	8.299410e+02	7.630723e-01	1.393948e+03
2.391980e+02	8.376940e+02	7.686145e-01	1.401082e+03
2.447809e+02	8.455194e+02	7.741970e-01	1.408298e+03
2.504942e+02	8.534180e+02	7.798200e-01	1.415599e+03
2.563407e+02	8.614275e+02	7.854824e-01	1.423034e+03
2.623238e+02	8.696183e+02	7.911814e-01	1.430699e+03
2.684465e+02	8.778869e+02	7.969217e-01	1.438452e+03
2.747121e+02	8.862342e+02	8.027037e-01	1.446295e+03
2.811239e+02	8.946609e+02	8.085277e-01	1.454229e+03
2.876854e+02	9.031677e+02	8.143939e-01	1.462257e+03
2.944000e+02	9.118512e+02	8.202935e-01	1.470512e+03
3.012714e+02	9.206544e+02	8.262323e-01	1.478913e+03
3.083031e+02	9.295426e+02	8.322141e-01	1.487413e+03
3.154990e+02	9.385166e+02	8.382393e-01	1.496012e+03
3.228628e+02	9.475772e+02	8.443080e-01	1.504712e+03
3.303985e+02	9.567834e+02	8.504250e-01	1.513575e+03
3.381101e+02	9.661688e+02	8.565931e-01	1.522635e+03
3.460016e+02	9.756462e+02	8.628058e-01	1.531802e+03
3.540774e+02	9.852165e+02	8.690637e-01	1.541077e+03
3.623416e+02	9.948808e+02	8.753669e-01	1.550461e+03
3.707988e+02	1.004717e+03	8.817162e-01	1.560044e+03
3.794533e+02	1.014862e+03	8.881127e-01	1.569976e+03
3.883098e+02	1.025110e+03	8.945556e-01	1.580024e+03
3.973730e+02	1.035461e+03	9.010452e-01	1.590191e+03
4.066478e+02	1.045917e+03	9.075819e-01	1.600477e+03
4.161391e+02	1.056949e+03	9.144456e-01	1.610908e+03
4.258518e+02	1.069073e+03	9.219379e-01	1.621502e+03
4.357913e+02	1.081336e+03	9.294916e-01	1.632211e+03
4.459628e+02	1.093739e+03	9.371072e-01	1.643037e+03
4.563716e+02	1.108573e+03	9.461712e-01	1.653977e+03
4.670234e+02	1.144261e+03	9.677460e-01	1.664987e+03
4.779239e+02	1.181239e+03	9.898233e-01	1.676221e+03
4.890787e+02	1.219363e+03	1.012386e+00	1.687539e+03
5.004939e+02	1.258130e+03	1.035361e+00	1.698562e+03
5.121755e+02	1.298560e+03	1.058991e+00	1.709868e+03
5.241298e+02	1.340062e+03	1.083132e+00	1.721112e+03
5.363631e+02	1.382457e+03	1.107774e+00	1.732140e+03
5.488820e+02	1.426041e+03	1.133129e+00	1.742894e+03
5.616930e+02	1.471070e+03	1.158932e+00	1.753997e+03
5.748030e+02	1.517771e+03	1.185317e+00	1.765413e+03
5.882190e+02	1.550119e+03	1.240191e+00	1.724201e+03
6.019482e+02	1.563848e+03	1.251541e+00	1.730504e+03
6.159978e+02	1.577898e+03	1.263161e+00	1.736830e+03
6.303753e+02	1.592275e+03	1.275056e+00	1.743179e+03
6.450884e+02	1.606988e+03	1.287231e+00	1.749552e+03
6.601449e+02	1.622045e+03	1.299691e+00	1.755947e+03
6.755528e+02	1.637453e+03	1.312443e+00	1.762366e+03
6.913204e+02	1.653220e+03	1.325491e+00	1.768809e+03
7.074559e+02	1.669356e+03	1.338841e+00	1.775275e+03
7.239681e+02	1.685868e+03	1.352500e+00	1.781765e+03
7.408657e+02	1.702766e+03	1.366471e+00	1.788278e+03
7.581576e+02	1.720058e+03	1.380763e+00	1.794816e+03
7.758532e+02	1.737753e+03	1.395381e+00	1.801377e+03
7.939618e+02	1.755862e+03	1.410330e+00	1.807962e+03
8.124930e+02	1.774393e+03	1.425618e+00	1.814571e+03
8.314568e+02	1.793357e+03	1.441251e+00	1.821205e+03
8.508632e+02	1.812763e+03	1.457236e+00	1.827862e+03
8.707225e+02	1.832622e+03	1.473578e+00	1.834544e+03
8.910453e+02	1.852945e+03	1.490286e+00	1.841251e+03
9.118425e+02	1.873743e+03	1.507366e+00	1.847982e+03
9.331251e+02	1.895025e+03	1.524825e+00	1.854737e+03
9.549045e+02	1.916804e+03	1.542671e+00	1.861518e+03
9.771921e+02	1.939092e+03	1.560910e+00	1.868323e+03
1.000000e+03	1.961900e+03	1.579551e+00	1.875153e+03
1.000000e+03	1.961900e+03	1.579551e+00	1.875153e+03
2.154435e+03	3.116335e+03	2.489538e+00	2.117168e+03
4.641589e+03	5.603489e+03	4.285893e+00	2.390419e+03
1.000000e+04	1.096190e+04	7.766727e+00	2.698936e+03
2.154435e+04	2.250625e+04	1.445575e+01	3.047272e+03
4.641589e+04	4.737779e+04	2.726111e+01	3.440566e+03
1.000000e+05	1.009619e+05	5.173270e+01	3.884621e+03
2.154435e+05	2.164054e+05	9.846105e+01	4.385986e+03
4.641589e+05	4.651208e+05	1.876551e+02	4.952061e+03
1.000000e+06	1.000962e+06	3.578773e+02	5.591195e+03
1.000000e+10	1.000000e+10	1.000000e+10	1.000000e+10
