0.000000e+00	0.000000e+00	0.000000e+00	9.395654e+02
1.000000e-10	1.093623e-04	1.163968e-07	9.395654e+02
1.204504e-10	1.222792e-04	1.301446e-07	9.395654e+02
1.450829e-10	1.367217e-04	1.455161e-07	9.395654e+02
1.747528e-10	1.528700e-04	1.627031e-07	9.395654e+02
2.104904e-10	1.709256e-04	1.819201e-07	9.395654e+02
2.535364e-10	1.911138e-04	2.034068e-07	9.395654e+02
3.053856e-10	2.136864e-04	2.274314e-07	9.395654e+02
3.678380e-10	2.389251e-04	2.542936e-07	9.395654e+02
4.430621e-10	2.671447e-04	2.843284e-07	9.395654e+02
5.336699e-10	2.986974e-04	3.179107e-07	9.395654e+02
6.428073e-10	3.339768e-04	3.554595e-07	9.395654e+02
7.742637e-10	3.734230e-04	3.974431e-07	9.395654e+02
9.326033e-10	4.175283e-04	4.443855e-07	9.395654e+02
1.123324e-09	4.668429e-04	4.968723e-07	9.395654e+02
1.353048e-09	5.219822e-04	5.555584e-07	9.395654e+02
1.629751e-09	5.836339e-04	6.211760e-07	9.395654e+02
1.963041e-09	6.525674e-04	6.945438e-07	9.395654e+02
2.364489e-09	7.296426e-04	7.765771e-07	9.395654e+02
2.848036e-09	8.158213e-04	8.682995e-07	9.395654e+02
3.430469e-09	9.121786e-04	9.708553e-07	9.395654e+02
4.132012e-09	1.019917e-03	1.085524e-06	9.395654e+02
4.977024e-09	1.140380e-03	1.213737e-06	9.395654e+02
5.994843e-09	1.275071e-03	1.357093e-06	9.395654e+02
7.220809e-09	1.425671e-03	1.517380e-06	9.395654e+02
8.697490e-09	1.594058e-03	1.696600e-06	9.395654e+02
1.047616e-08	1.782334e-03	1.896988e-06	9.395654e+02
1.261857e-08	1.992846e-03	2.121043e-06	9.395654e+02
1.519911e-08	2.228223e-03	2.371563e-06	9.395654e+02
1.830738e-08	2.491400e-03	2.651671e-06	9.395654e+02
2.205131e-08	2.785662e-03	2.964864e-06	9.395654e+02
2.656088e-08	3.114679e-03	3.315049e-06	9.395654e+02
3.199267e-08	3.482556e-03	3.706594e-06	9.395654e+02
3.853529e-08	3.893883e-03	4.144386e-06	9.395654e+02
4.641589e-08	4.353793e-03	4.633886e-06	9.395654e+02
5.590810e-08	4.868023e-03	5.181203e-06	9.395654e+02
6.734151e-08	5.442989e-03	5.793164e-06	9.395654e+02
8.111308e-08	6.085865e-03	6.477405e-06	9.395654e+02
9.770100e-08	6.804672e-03	7.242465e-06	9.395654e+02
1.176812e-07	7.608377e-03	8.097887e-06	9.395654e+02
1.417474e-07	8.507008e-03	9.054346e-06	9.395654e+02
1.707353e-07	9.511778e-03	1.012377e-05	9.395654e+02
2.056512e-07	1.063522e-02	1.131952e-05	9.395654e+02
2.477076e-07	1.189136e-02	1.265649e-05	9.395654e+02
2.983647e-07	1.329585e-02	1.415139e-05	9.395654e+02
3.593814e-07	1.486624e-02	1.582285e-05	9.395654e+02
4.328761e-07	1.662210e-02	1.769173e-05	9.395654e+02
5.214008e-07	1.858535e-02	1.978135e-05	9.395654e+02
6.280291e-07	2.078048e-02	2.211779e-05	9.395654e+02
7.564633e-07	2.323488e-02	2.473020e-05	9.395654e+02
9.111628e-07	2.597917e-02	2.765117e-05	9.395654e+02
1.097499e-06	2.904760e-02	3.091716e-05	9.395654e+02
1.321941e-06	3.247843e-02	3.456891e-05	9.395654e+02
1.592283e-06	3.631449e-02	3.865199e-05	9.395654e+02
1.917910e-06	4.060362e-02	4.321736e-05	9.395654e+02
2.310130e-06	4.539935e-02	4.832197e-05	9.395654e+02
2.782559e-06	5.076150e-02	5.402953e-05	9.395654e+02
3.351603e-06	5.675698e-02	6.041126e-05	9.395654e+02
4.037017e-06	6.346059e-02	6.754679e-05	9.395654e+02
4.862602e-06	7.095598e-02	7.552517e-05	9.395654e+02
5.857021e-06	7.933665e-02	8.444596e-05	9.395654e+02
7.054802e-06	8.870716e-02	9.442048e-05	9.395654e+02
8.497534e-06	9.918444e-02	1.055732e-04	9.395654e+02
1.023531e-05	1.108992e-01	1.180433e-04	9.395654e+02
1.232847e-05	1.239976e-01	1.319865e-04	9.395654e+02
1.484968e-05	1.386430e-01	1.475766e-04	9.395654e+02
1.788650e-05	1.550183e-01	1.650084e-04	9.395654e+02
2.154435e-05	1.733276e-01	1.844993e-04	9.395654e+02
2.595024e-05	1.937995e-01	2.062926e-04	9.395654e+02
3.125716e-05	2.166893e-01	2.306604e-04	9.395654e+02
3.764936e-05	2.422827e-01	2.579068e-04	9.395654e+02
4.534879e-05	2.708989e-01	2.883718e-04	9.395654e+02
5.462277e-05	3.028949e-01	3.224358e-04	9.395654e+02
6.579332e-05	3.386701e-01	3.605240e-04	9.395654e+02
7.924829e-05	3.786707e-01	4.031119e-04	9.395654e+02
9.545485e-05	4.233958e-01	4.507310e-04	9.395654e+02
1.149757e-04	4.734034e-01	5.039760e-04	9.395654e+02
1.384886e-04	5.293175e-01	5.635116e-04	9.395654e+02
1.668101e-04	5.918356e-01	6.300811e-04	9.395654e+02
2.009233e-04	6.617378e-01	7.045159e-04	9.395654e+02
2.420128e-04	7.398962e-01	7.877453e-04	9.395654e+02
2.915053e-04	8.272860e-01	8.808088e-04	9.395654e+02
3.511192e-04	9.249974e-01	9.848686e-04	9.395654e+02
4.229243e-04	1.034250e+00	1.101225e-03	9.395654e+02
5.094138e-04	1.156406e+00	1.231330e-03	9.395654e+02
6.135907e-04	1.292990e+00	1.376810e-03	9.395654e+02
7.390722e-04	1.445706e+00	1.539483e-03	9.395654e+02
8.902151e-04	1.616459e+00	1.721380e-03	9.395654e+02
1.072267e-03	1.807380e+00	1.924776e-03	9.395654e+02
1.291550e-03	2.020852e+00	2.152211e-03	9.395654e+02
1.555676e-03	2.259536e+00	2.406529e-03	9.395654e+02
1.873817e-03	2.526412e+00	2.690910e-03	9.395654e+02
2.257020e-03	2.824808e+00	3.008907e-03	9.395654e+02
2.718588e-03	3.158449e+00	3.364499e-03	9.395654e+02
3.274549e-03	3.531496e+00	3.762133e-03	9.395654e+02
3.944206e-03	3.948604e+00	4.206783e-03	9.395654e+02
4.750810e-03	4.414976e+00	4.704012e-03	9.395654e+02
5.722368e-03	4.936433e+00	5.260044e-03	9.395654e+02
6.892612e-03	5.519479e+00	5.881838e-03	9.395654e+02
8.302176e-03	6.171389e+00	6.577180e-03	9.395654e+02
1.000000e-02	6.900297e+00	7.354780e-03	9.395654e+02
1.000000e-02	6.900297e+00	7.354780e-03	9.395654e+02
1.023340e-02	6.996483e+00	7.457402e-03	9.395654e+02
1.047225e-02	7.094010e+00	7.561456e-03	9.395654e+02
1.071668e-02	7.192897e+00	7.666963e-03	9.395654e+02
1.096681e-02	7.293162e+00	7.773944e-03	9.395654e+02
1.122277e-02	7.394825e+00	7.882418e-03	9.395654e+02
1.148472e-02	7.497905e+00	7.992407e-03	9.395654e+02
1.175277e-02	7.602421e+00	8.103932e-03	9.395654e+02
1.202708e-02	7.708395e+00	8.217014e-03	9.395654e+02
1.230780e-02	7.815846e+00	8.331675e-03	9.395654e+02
1.259506e-02	7.924795e+00	8.447937e-03	9.395654e+02
1.288904e-02	8.035262e+00	8.565823e-03	9.395654e+02
1.318987e-02	8.147269e+00	8.685355e-03	9.395654e+02
1.349772e-02	8.260838e+00	8.806556e-03	9.395654e+02
1.381276e-02	8.375989e+00	8.929450e-03	9.395654e+02
1.413516e-02	8.492746e+00	9.054059e-03	9.395654e+02
1.446507e-02	8.611130e+00	9.180410e-03	9.395654e+02
1.480269e-02	8.731165e+00	9.308524e-03	9.395654e+02
1.514819e-02	8.852872e+00	9.438428e-03	9.395654e+02
1.550175e-02	8.976277e+00	9.570146e-03	9.395654e+02
1.586357e-02	9.101401e+00	9.703704e-03	9.395654e+02
1.623382e-02	9.228270e+00	9.839127e-03	9.395654e+02
1.661273e-02	9.356907e+00	9.976442e-03	9.395654e+02
1.700047e-02	9.487337e+00	1.011567e-02	9.395654e+02
1.739726e-02	9.619585e+00	1.025685e-02	9.395654e+02
1.780332e-02	9.753677e+00	1.040000e-02	9.395654e+02
1.821885e-02	9.889638e+00	1.054515e-02	9.395654e+02
1.864409e-02	1.002749e+01	1.069232e-02	9.395654e+02
1.907924e-02	1.016727e+01	1.084156e-02	9.395654e+02
1.952456e-02	1.030900e+01	1.099287e-02	9.395654e+02
1.998026e-02	1.045270e+01	1.114630e-02	9.395654e+02
2.044661e-02	1.059841e+01	1.130188e-02	9.395654e+02
2.092383e-02	1.074614e+01	1.145962e-02	9.395654e+02
2.141220e-02	1.089594e+01	1.161957e-02	9.395654e+02
2.191197e-02	1.104782e+01	1.178176e-02	9.395654e+02
2.242340e-02	1.120182e+01	1.194621e-02	9.395654e+02
2.294676e-02	1.135797e+01	1.211296e-02	9.395654e+02
2.348235e-02	1.151629e+01	1.228203e-02	9.395654e+02
2.403043e-02	1.167682e+01	1.245347e-02	9.395654e+02
2.459130e-02	1.183959e+01	1.262731e-02	9.395654e+02
2.516527e-02	1.200463e+01	1.280357e-02	9.395654e+02
2.575263e-02	1.217197e+01	1.298230e-02	9.395654e+02
2.635371e-02	1.234164e+01	1.316352e-02	9.395654e+02
2.696881e-02	1.251367e+01	1.334728e-02	9.395654e+02
2.759826e-02	1.268811e+01	1.353360e-02	9.395654e+02
2.824241e-02	1.286497e+01	1.372253e-02	9.395654e+02
2.890160e-02	1.304430e+01	1.391410e-02	9.395654e+02
2.957617e-02	1.322613e+01	1.410834e-02	9.395654e+02
3.026648e-02	1.341050e+01	1.430530e-02	9.395654e+02
3.097291e-02	1.359743e+01	1.450501e-02	9.395654e+02
3.169582e-02	1.378697e+01	1.470751e-02	9.395654e+02
3.243561e-02	1.397916e+01	1.491284e-02	9.395654e+02
3.319266e-02	1.417402e+01	1.512105e-02	9.395654e+02
3.396739e-02	1.437160e+01	1.533216e-02	9.395654e+02
3.476019e-02	1.457193e+01	1.554622e-02	9.395654e+02
3.557150e-02	1.477505e+01	1.576327e-02	9.395654e+02
3.640175e-02	1.498101e+01	1.598336e-02	9.395654e+02
3.725137e-02	1.518984e+01	1.620652e-02	9.395654e+02
3.812083e-02	1.540158e+01	1.643281e-02	9.395654e+02
3.901058e-02	1.561627e+01	1.666225e-02	9.395654e+02
3.992109e-02	1.583395e+01	1.689491e-02	9.395654e+02
4.085286e-02	1.605466e+01	1.713081e-02	9.395654e+02
4.180637e-02	1.627846e+01	1.737001e-02	9.395654e+02
4.278214e-02	1.650537e+01	1.761256e-02	9.395654e+02
4.378069e-02	1.673545e+01	1.785850e-02	9.395654e+02
4.480254e-02	1.696873e+01	1.810787e-02	9.395654e+02
4.584824e-02	1.720526e+01	1.836074e-02	9.395654e+02
4.691835e-02	1.744510e+01	1.861713e-02	9.395654e+02
4.801343e-02	1.768827e+01	1.887712e-02	9.395654e+02
4.913407e-02	1.793484e+01	1.914073e-02	9.395654e+02
5.028087e-02	1.818484e+01	1.940804e-02	9.395654e+02
5.145444e-02	1.843833e+01	1.967908e-02	9.395654e+02
5.265540e-02	1.869535e+01	1.995391e-02	9.395654e+02
5.388438e-02	1.895595e+01	2.023258e-02	9.395654e+02
5.514206e-02	1.922018e+01	2.051515e-02	9.395654e+02
5.642908e-02	1.948810e+01	2.080167e-02	9.395654e+02
5.774615e-02	1.975976e+01	2.109220e-02	9.395654e+02
5.909396e-02	2.003520e+01	2.138679e-02	9.395654e+02
6.047322e-02	2.031448e+01	2.168550e-02	9.395654e+02
6.188468e-02	2.059765e+01	2.198839e-02	9.395654e+02
6.332908e-02	2.088477e+01	2.229552e-02	9.395654e+02
6.480720e-02	2.117589e+01	2.260694e-02	9.395654e+02
6.631981e-02	2.147107e+01	2.292272e-02	9.395654e+02
6.786773e-02	2.177037e+01	2.324291e-02	9.395654e+02
6.945178e-02	2.207384e+01	2.356758e-02	9.395654e+02
7.107280e-02	2.238153e+01	2.389680e-02	9.395654e+02
7.273165e-02	2.269352e+01	2.423062e-02	9.395654e+02
7.442922e-02	2.300985e+01	2.456911e-02	9.395654e+02
7.616642e-02	2.333060e+01	2.491233e-02	9.395654e+02
7.794416e-02	2.365581e+01	2.526036e-02	9.395654e+02
7.976339e-02	2.398556e+01	2.561325e-02	9.395654e+02
8.162509e-02	2.431991e+01	2.597109e-02	9.395654e+02
8.353023e-02	2.465892e+01	2.633393e-02	9.395654e+02
8.547985e-02	2.500265e+01	2.670184e-02	9.395654e+02
8.747496e-02	2.535117e+01	2.707491e-02	9.395654e+02
8.951665e-02	2.570455e+01	2.745319e-02	9.395654e+02
9.160598e-02	2.606286e+01	2.783677e-02	9.395654e+02
9.374409e-02	2.642616e+01	2.822572e-02	9.395654e+02
9.593209e-02	2.679453e+01	2.862011e-02	9.395654e+02
9.817117e-02	2.716803e+01	2.902001e-02	9.395654e+02
1.004625e-01	2.754674e+01	2.942552e-02	9.395654e+02
1.028073e-01	2.793072e+01	2.983670e-02	9.395654e+02
1.052069e-01	2.832006e+01	3.025364e-02	9.395654e+02
1.076624e-01	2.871483e+01	3.067641e-02	9.395654e+02
1.101753e-01	2.911510e+01	3.110510e-02	9.395654e+02
1.127468e-01	2.952095e+01	3.153979e-02	9.395654e+02
1.153783e-01	2.993245e+01	3.198056e-02	9.395654e+02
1.180713e-01	3.034970e+01	3.242751e-02	9.395654e+02
1.208271e-01	3.077275e+01	3.288071e-02	9.395654e+02
1.236472e-01	3.120171e+01	3.334026e-02	9.395654e+02
1.265332e-01	3.163664e+01	3.380624e-02	9.395654e+02
1.294865e-01	3.207764e+01	3.427875e-02	9.395654e+02
1.325087e-01	3.252479e+01	3.475787e-02	9.395654e+02
1.356015e-01	3.297817e+01	3.524371e-02	9.395654e+02
1.387665e-01	3.343786e+01	3.573634e-02	9.395654e+02
1.420053e-01	3.390397e+01	3.623587e-02	9.395654e+02
1.453198e-01	3.437657e+01	3.674240e-02	9.395654e+02
1.487115e-01	3.485576e+01	3.725603e-02	9.395654e+02
1.521825e-01	3.534163e+01	3.777684e-02	9.395654e+02
1.557345e-01	3.583428e+01	3.830495e-02	9.395654e+02
1.593694e-01	3.633379e+01	3.884046e-02	9.395654e+02
1.630891e-01	3.684026e+01	3.938347e-02	9.395654e+02
1.668956e-01	3.735379e+01	3.993409e-02	9.395654e+02
1.707910e-01	3.787448e+01	4.049242e-02	9.395654e+02
1.747773e-01	3.840243e+01	4.105857e-02	9.395654e+02
1.788566e-01	3.893774e+01	4.163265e-02	9.395654e+02
1.830312e-01	3.948051e+01	4.221478e-02	9.395654e+02
1.873032e-01	4.003085e+01	4.280506e-02	9.395654e+02
1.916748e-01	4.058886e+01	4.340361e-02	9.395654e+02
1.961486e-01	4.115465e+01	4.401055e-02	9.395654e+02
2.007267e-01	4.172832e+01	4.462600e-02	9.395654e+02
2.054117e-01	4.230999e+01	4.525007e-02	9.395654e+02
2.102061e-01	4.289977e+01	4.588289e-02	9.395654e+02
2.151123e-01	4.349777e+01	4.652457e-02	9.395654e+02
2.201331e-01	4.410410e+01	4.717525e-02	9.395654e+02
2.252711e-01	4.471889e+01	4.783505e-02	9.395654e+02
2.305289e-01	4.534225e+01	4.850410e-02	9.395654e+02
2.359095e-01	4.597429e+01	4.918253e-02	9.395654e+02
2.414157e-01	4.661515e+01	4.987047e-02	9.395654e+02
2.470504e-01	4.726494e+01	5.056805e-02	9.395654e+02
2.528166e-01	4.792379e+01	5.127541e-02	9.395654e+02
2.587174e-01	4.859182e+01	5.199269e-02	9.395654e+02
2.647559e-01	4.926916e+01	5.272003e-02	9.395654e+02
2.709354e-01	4.995595e+01	5.345757e-02	9.395654e+02
2.772591e-01	5.065231e+01	5.420545e-02	9.395654e+02
2.837304e-01	5.135837e+01	5.496382e-02	9.395654e+02
2.903527e-01	5.207428e+01	5.573282e-02	9.395654e+02
2.971296e-01	5.280017e+01	5.651261e-02	9.395654e+02
3.040646e-01	5.353617e+01	5.730334e-02	9.395654e+02
3.111616e-01	5.428244e+01	5.810516e-02	9.395654e+02
3.184242e-01	5.503911e+01	5.891823e-02	9.395654e+02
3.258562e-01	5.580632e+01	5.974270e-02	9.395654e+02
3.334618e-01	5.658423e+01	6.057875e-02	9.395654e+02
3.412449e-01	5.737299e+01	6.142652e-02	9.395654e+02
3.492096e-01	5.817273e+01	6.228618e-02	9.395654e+02
3.573602e-01	5.898363e+01	6.315791e-02	9.395654e+02
3.657011e-01	5.980583e+01	6.404188e-02	9.395654e+02
3.742366e-01	6.063949e+01	6.493824e-02	9.395654e+02
3.829714e-01	6.148477e+01	6.584719e-02	9.395654e+02
3.919100e-01	6.234184e+01	6.676890e-02	9.395654e+02
4.010573e-01	6.321085e+01	6.770354e-02	9.395654e+02
4.104181e-01	6.409197e+01	6.865130e-02	9.395654e+02
4.199973e-01	6.498538e+01	6.961237e-02	9.395654e+02
4.298001e-01	6.589124e+01	7.058693e-02	9.395654e+02
4.398317e-01	6.680973e+01	7.157518e-02	9.395654e+02
4.500975e-01	6.774102e+01	7.257730e-02	9.395654e+02
4.606029e-01	6.868529e+01	7.359349e-02	9.395654e+02
4.713535e-01	6.964273e+01	7.462395e-02	9.395654e+02
4.823549e-01	7.061351e+01	7.566888e-02	9.395654e+02
4.936132e-01	7.159783e+01	7.672849e-02	9.395654e+02
5.051342e-01	7.259586e+01	7.780299e-02	9.395654e+02
5.169242e-01	7.360781e+01	7.889257e-02	9.395654e+02
5.289893e-01	7.463386e+01	7.999746e-02	9.395654e+02
5.413360e-01	7.567422e+01	8.111788e-02	9.395654e+02
5.539709e-01	7.672907e+01	8.225403e-02	9.395654e+02
5.669007e-01	7.779864e+01	8.340615e-02	9.395654e+02
5.801323e-01	7.888311e+01	8.457446e-02	9.395654e+02
5.936727e-01	7.998269e+01	8.575919e-02	9.395654e+02
6.075292e-01	8.109761e+01	8.696056e-02	9.395654e+02
6.217090e-01	8.222807e+01	8.817883e-02	9.395654e+02
6.362198e-01	8.337428e+01	8.941421e-02	9.395654e+02
6.510694e-01	8.453647e+01	9.066696e-02	9.395654e+02
6.662655e-01	8.571487e+01	9.193733e-02	9.395654e+02
6.818162e-01	8.690968e+01	9.322555e-02	9.395654e+02
6.977300e-01	8.808079e+01	9.276688e-02	9.570066e+02
7.140151e-01	8.892904e+01	9.365332e-02	9.571797e+02
7.306804e-01	8.978546e+01	9.454823e-02	9.573542e+02
7.477346e-01	9.065013e+01	9.545169e-02	9.575301e+02
7.651869e-01	9.152313e+01	9.636378e-02	9.577074e+02
7.830465e-01	9.240453e+01	9.728459e-02	9.578863e+02
8.013230e-01	9.329442e+01	9.821420e-02	9.580666e+02
8.200261e-01	9.419288e+01	9.915269e-02	9.582484e+02
8.391656e-01	9.510000e+01	1.001002e-01	9.584317e+02
8.587519e-01	9.601585e+01	1.010567e-01	9.586166e+02
8.787954e-01	9.694052e+01	1.020223e-01	9.588031e+02
8.993067e-01	9.787409e+01	1.029972e-01	9.589911e+02
9.202967e-01	9.881666e+01	1.039814e-01	9.591808e+02
9.417766e-01	9.976830e+01	1.049750e-01	9.593720e+02
9.637579e-01	1.007291e+02	1.059781e-01	9.595650e+02
9.862522e-01	1.016992e+02	1.069908e-01	9.597596e+02
1.009272e+00	1.026786e+02	1.080131e-01	9.599559e+02
1.032828e+00	1.036674e+02	1.090453e-01	9.601540e+02
1.056935e+00	1.046658e+02	1.100872e-01	9.603538e+02
1.081604e+00	1.056737e+02	1.111392e-01	9.605553e+02
1.106848e+00	1.066914e+02	1.122012e-01	9.607587e+02
1.132683e+00	1.077189e+02	1.132733e-01	9.609639e+02
1.159120e+00	1.087435e+02	1.143426e-01	9.611696e+02
1.186174e+00	1.097532e+02	1.153966e-01	9.613750e+02
1.213859e+00	1.107723e+02	1.164603e-01	9.615823e+02
1.242191e+00	1.118008e+02	1.175338e-01	9.617916e+02
1.271184e+00	1.128389e+02	1.186172e-01	9.620030e+02
1.300854e+00	1.138867e+02	1.197106e-01	9.622165e+02
1.331216e+00	1.149441e+02	1.208141e-01	9.624320e+02
1.362287e+00	1.160114e+02	1.219277e-01	9.626497e+02
1.394083e+00	1.170886e+02	1.230516e-01	9.628696e+02
1.426621e+00	1.181758e+02	1.241859e-01	9.630916e+02
1.459919e+00	1.192730e+02	1.253306e-01	9.633159e+02
1.493993e+00	1.203758e+02	1.264723e-01	9.636081e+02
1.528864e+00	1.214857e+02	1.276159e-01	9.639440e+02
1.564548e+00	1.226059e+02	1.287698e-01	9.642824e+02
1.601064e+00	1.237364e+02	1.299341e-01	9.646232e+02
1.638434e+00	1.248773e+02	1.311090e-01	9.649664e+02
1.676675e+00	1.260288e+02	1.322945e-01	9.653122e+02
1.715809e+00	1.271909e+02	1.334907e-01	9.656605e+02
1.755856e+00	1.283636e+02	1.346977e-01	9.660113e+02
1.796838e+00	1.295472e+02	1.359156e-01	9.663648e+02
1.838777e+00	1.307418e+02	1.371446e-01	9.667209e+02
1.881694e+00	1.319460e+02	1.383838e-01	9.670765e+02
1.925614e+00	1.331307e+02	1.396142e-01	9.673539e+02
1.970558e+00	1.343260e+02	1.408554e-01	9.676342e+02
2.016551e+00	1.355320e+02	1.421077e-01	9.679173e+02
2.063618e+00	1.367488e+02	1.433712e-01	9.682032e+02
2.111783e+00	1.379766e+02	1.446459e-01	9.684921e+02
2.161073e+00	1.392154e+02	1.459319e-01	9.687839e+02
2.211512e+00	1.404653e+02	1.472293e-01	9.690788e+02
2.263130e+00	1.417264e+02	1.485383e-01	9.693767e+02
2.315951e+00	1.429989e+02	1.498589e-01	9.696776e+02
2.370006e+00	1.442828e+02	1.511913e-01	9.699818e+02
2.425323e+00	1.455809e+02	1.525270e-01	9.703607e+02
2.481930e+00	1.468926e+02	1.538690e-01	9.707907e+02
2.539859e+00	1.482161e+02	1.552227e-01	9.712240e+02
2.599140e+00	1.495516e+02	1.565883e-01	9.716607e+02
2.659804e+00	1.508991e+02	1.579660e-01	9.721009e+02
2.721885e+00	1.522587e+02	1.593558e-01	9.725446e+02
2.785414e+00	1.536306e+02	1.607578e-01	9.729918e+02
2.850426e+00	1.550148e+02	1.621721e-01	9.734426e+02
2.916956e+00	1.564115e+02	1.635989e-01	9.738971e+02
2.985038e+00	1.578208e+02	1.650382e-01	9.743552e+02
3.054710e+00	1.592335e+02	1.664842e-01	9.747968e+02
3.126007e+00	1.606438e+02	1.679330e-01	9.752092e+02
3.198969e+00	1.620665e+02	1.693944e-01	9.756255e+02
3.273634e+00	1.635018e+02	1.708685e-01	9.760457e+02
3.350041e+00	1.649499e+02	1.723554e-01	9.764700e+02
3.428231e+00	1.664107e+02	1.738553e-01	9.768983e+02
3.508247e+00	1.678845e+02	1.753683e-01	9.773307e+02
3.590130e+00	1.690812e+02	1.765917e-01	9.777997e+02
3.673925e+00	1.700794e+02	1.776079e-01	9.782975e+02
3.759675e+00	1.710835e+02	1.786299e-01	9.788016e+02
3.847427e+00	1.720935e+02	1.796577e-01	9.793120e+02
3.937226e+00	1.731095e+02	1.806915e-01	9.798288e+02
4.029122e+00	1.741315e+02	1.817313e-01	9.803522e+02
4.123163e+00	1.751595e+02	1.827770e-01	9.808823e+02
4.219398e+00	1.761936e+02	1.838287e-01	9.814192e+02
4.317880e+00	1.772338e+02	1.848865e-01	9.819630e+02
4.418660e+00	1.782802e+02	1.859504e-01	9.825139e+02
4.521792e+00	1.793327e+02	1.870204e-01	9.830719e+02
4.627332e+00	1.803914e+02	1.880965e-01	9.836372e+02
4.735335e+00	1.814564e+02	1.891789e-01	9.842099e+02
4.845859e+00	1.825276e+02	1.902674e-01	9.847901e+02
4.958962e+00	1.836052e+02	1.913623e-01	9.853781e+02
5.074705e+00	1.846892e+02	1.924634e-01	9.859738e+02
5.193150e+00	1.857795e+02	1.935709e-01	9.865775e+02
5.314359e+00	1.868763e+02	1.946847e-01	9.871893e+02
5.438397e+00	1.879796e+02	1.958050e-01	9.878092e+02
5.565331e+00	1.890893e+02	1.969317e-01	9.884376e+02
5.695227e+00	1.902057e+02	1.980648e-01	9.890745e+02
5.828155e+00	1.913286e+02	1.992045e-01	9.897200e+02
5.964185e+00	1.924581e+02	2.003508e-01	9.903743e+02
6.103390e+00	1.935943e+02	2.015037e-01	9.910377e+02
6.245845e+00	1.947372e+02	2.026631e-01	9.917101e+02
6.391624e+00	1.958869e+02	2.038293e-01	9.923918e+02
6.540806e+00	1.970434e+02	2.050022e-01	9.930830e+02
6.693470e+00	1.982067e+02	2.061818e-01	9.937837e+02
6.849697e+00	1.993768e+02	2.073682e-01	9.944943e+02
7.009570e+00	2.005647e+02	2.085613e-01	9.952673e+02
7.173175e+00	2.017719e+02	2.097610e-01	9.961100e+02
7.340598e+00	2.029863e+02	2.109677e-01	9.969629e+02
7.511929e+00	2.042081e+02	2.121812e-01	9.978264e+02
7.687260e+00	2.054373e+02	2.134018e-01	9.987006e+02
7.866682e+00	2.066738e+02	2.146294e-01	9.995857e+02
8.050292e+00	2.079178e+02	2.158640e-01	1.000482e+03
8.238187e+00	2.091692e+02	2.171058e-01	1.001389e+03
8.430468e+00	2.104282e+02	2.183547e-01	1.002308e+03
8.627237e+00	2.116948e+02	2.196108e-01	1.003239e+03
8.828599e+00	2.129690e+02	2.208741e-01	1.004181e+03
9.034660e+00	2.142509e+02	2.221446e-01	1.005136e+03
9.245531e+00	2.155404e+02	2.234225e-01	1.006103e+03
9.461324e+00	2.168378e+02	2.247078e-01	1.007082e+03
9.682153e+00	2.181429e+02	2.260004e-01	1.008074e+03
9.908137e+00	2.194560e+02	2.273004e-01	1.009079e+03
1.013939e+01	2.207769e+02	2.286080e-01	1.010097e+03
1.037605e+01	2.221057e+02	2.299230e-01	1.011129e+03
1.061823e+01	2.234426e+02	2.312457e-01	1.012174e+03
1.086606e+01	2.247875e+02	2.325759e-01	1.013233e+03
1.111968e+01	2.261405e+02	2.339138e-01	1.014306e+03
1.137921e+01	2.275017e+02	2.352593e-01	1.015394e+03
1.164481e+01	2.288710e+02	2.366127e-01	1.016496e+03
1.191660e+01	2.302486e+02	2.379738e-01	1.017613e+03
1.219473e+01	2.316344e+02	2.393427e-01	1.018745e+03
1.247936e+01	2.330398e+02	2.407201e-01	1.019936e+03
1.277063e+01	2.344640e+02	2.421061e-01	1.021183e+03
1.306870e+01	2.358969e+02	2.435000e-01	1.022446e+03
1.337373e+01	2.373385e+02	2.449020e-01	1.023725e+03
1.368587e+01	2.387890e+02	2.463120e-01	1.025021e+03
1.400531e+01	2.402483e+02	2.477301e-01	1.026333e+03
1.433219e+01	2.417165e+02	2.491564e-01	1.027662e+03
1.466671e+01	2.431937e+02	2.505909e-01	1.029009e+03
1.500903e+01	2.446799e+02	2.520337e-01	1.030374e+03
1.535935e+01	2.461753e+02	2.534848e-01	1.031757e+03
1.571784e+01	2.476797e+02	2.549442e-01	1.033158e+03
1.608469e+01	2.491934e+02	2.564121e-01	1.034577e+03
1.646012e+01	2.507163e+02	2.578884e-01	1.036016e+03
1.684430e+01	2.522485e+02	2.593731e-01	1.037474e+03
1.723745e+01	2.537900e+02	2.608665e-01	1.038951e+03
1.763977e+01	2.553410e+02	2.623684e-01	1.040448e+03
1.805149e+01	2.569015e+02	2.638790e-01	1.041966e+03
1.847281e+01	2.584715e+02	2.653983e-01	1.043505e+03
1.890397e+01	2.600511e+02	2.669263e-01	1.045064e+03
1.934520e+01	2.616404e+02	2.684631e-01	1.046645e+03
1.979672e+01	2.632393e+02	2.700088e-01	1.048247e+03
2.025878e+01	2.648481e+02	2.715634e-01	1.049872e+03
2.073162e+01	2.665011e+02	2.731263e-01	1.051648e+03
2.121550e+01	2.681779e+02	2.746979e-01	1.053497e+03
2.171068e+01	2.698653e+02	2.762786e-01	1.055369e+03
2.221741e+01	2.715632e+02	2.778683e-01	1.057266e+03
2.273597e+01	2.732719e+02	2.794673e-01	1.059186e+03
2.326663e+01	2.749913e+02	2.810754e-01	1.061132e+03
2.380968e+01	2.767216e+02	2.826928e-01	1.063102e+03
2.436540e+01	2.784627e+02	2.843195e-01	1.065098e+03
2.493409e+01	2.802148e+02	2.859555e-01	1.067120e+03
2.551606e+01	2.819779e+02	2.876010e-01	1.069169e+03
2.611161e+01	2.837521e+02	2.892559e-01	1.071244e+03
2.672106e+01	2.855374e+02	2.909203e-01	1.073347e+03
2.734474e+01	2.873340e+02	2.925944e-01	1.075478e+03
2.798297e+01	2.891419e+02	2.942780e-01	1.077637e+03
2.863610e+01	2.909612e+02	2.959714e-01	1.079825e+03
2.930447e+01	2.927919e+02	2.976745e-01	1.082042e+03
2.998844e+01	2.946342e+02	2.993873e-01	1.084290e+03
3.068838e+01	2.964880e+02	3.011101e-01	1.086567e+03
3.140465e+01	2.983535e+02	3.028428e-01	1.088876e+03
3.213764e+01	3.002470e+02	3.045851e-01	1.091270e+03
3.288774e+01	3.021849e+02	3.063369e-01	1.093804e+03
3.365535e+01	3.041354e+02	3.080988e-01	1.096372e+03
3.444087e+01	3.060985e+02	3.098708e-01	1.098972e+03
3.524473e+01	3.080742e+02	3.116530e-01	1.101606e+03
3.606735e+01	3.100627e+02	3.134455e-01	1.104275e+03
3.690917e+01	3.120640e+02	3.152482e-01	1.106979e+03
3.777064e+01	3.140782e+02	3.170614e-01	1.109718e+03
3.865221e+01	3.161055e+02	3.188849e-01	1.112494e+03
3.955436e+01	3.181458e+02	3.207190e-01	1.115307e+03
4.047757e+01	3.201993e+02	3.225636e-01	1.118157e+03
4.142232e+01	3.222660e+02	3.244188e-01	1.121046e+03
4.238913e+01	3.243461e+02	3.262847e-01	1.123973e+03
4.337850e+01	3.264396e+02	3.281613e-01	1.126940e+03
4.439097e+01	3.285466e+02	3.300487e-01	1.129947e+03
4.542706e+01	3.306672e+02	3.319470e-01	1.132995e+03
4.648734e+01	3.328016e+02	3.338561e-01	1.136085e+03
4.757236e+01	3.349496e+02	3.357763e-01	1.139217e+03
4.868271e+01	3.371831e+02	3.377089e-01	1.142599e+03
4.981898e+01	3.394409e+02	3.396527e-01	1.146052e+03
5.098176e+01	3.417138e+02	3.416078e-01	1.149551e+03
5.217169e+01	3.440019e+02	3.435741e-01	1.153095e+03
5.338938e+01	3.463053e+02	3.455517e-01	1.156686e+03
5.463550e+01	3.486242e+02	3.475407e-01	1.160324e+03
5.591071e+01	3.509586e+02	3.495412e-01	1.164010e+03
5.721568e+01	3.533086e+02	3.515532e-01	1.167744e+03
5.855110e+01	3.556744e+02	3.535767e-01	1.171529e+03
5.991770e+01	3.580560e+02	3.556119e-01	1.175365e+03
6.131619e+01	3.604535e+02	3.576589e-01	1.179251e+03
6.274732e+01	3.628671e+02	3.597176e-01	1.183191e+03
6.421186e+01	3.652969e+02	3.617881e-01	1.187183e+03
6.571058e+01	3.677429e+02	3.638706e-01	1.191230e+03
6.724427e+01	3.702054e+02	3.659651e-01	1.195332e+03
6.881377e+01	3.726875e+02	3.680715e-01	1.199499e+03
7.041990e+01	3.752797e+02	3.701888e-01	1.203979e+03
7.206351e+01	3.778900e+02	3.723183e-01	1.208518e+03
7.374549e+01	3.805184e+02	3.744600e-01	1.213117e+03
7.546673e+01	3.831651e+02	3.766141e-01	1.217777e+03
7.722814e+01	3.858303e+02	3.787805e-01	1.222498e+03
7.903066e+01	3.885139e+02	3.809594e-01	1.227282e+03
8.087525e+01	3.912162e+02	3.831508e-01	1.232130e+03
8.276289e+01	3.939374e+02	3.853549e-01	1.237042e+03
8.469460e+01	3.966774e+02	3.875716e-01	1.242021e+03
8.667139e+01	3.994365e+02	3.898011e-01	1.247067e+03
8.869432e+01	4.022148e+02	3.920434e-01	1.252181e+03
9.076446e+01	4.050124e+02	3.942986e-01	1.257364e+03
9.288292e+01	4.078295e+02	3.965667e-01	1.262618e+03
9.505083e+01	4.106661e+02	3.988479e-01	1.267944e+03
9.726934e+01	4.136361e+02	4.011819e-01	1.273501e+03
9.953962e+01	4.167432e+02	4.035697e-01	1.279290e+03
1.018629e+02	4.198736e+02	4.059718e-01	1.285154e+03
1.042404e+02	4.230275e+02	4.083882e-01	1.291095e+03
1.066734e+02	4.262052e+02	4.108189e-01	1.297113e+03
1.091632e+02	4.294067e+02	4.132642e-01	1.303210e+03
1.117111e+02	4.326323e+02	4.157239e-01	1.309386e+03
1.143184e+02	4.358820e+02	4.181984e-01	1.315645e+03
1.169866e+02	4.391562e+02	4.206875e-01	1.321986e+03
1.197171e+02	4.424550e+02	4.231915e-01	1.328411e+03
1.225114e+02	4.457786e+02	4.257103e-01	1.334922e+03
1.253708e+02	4.491271e+02	4.282442e-01	1.341519e+03
1.282970e+02	4.525008e+02	4.307931e-01	1.348206e+03
1.312915e+02	4.601161e+02	4.364545e-01	1.355027e+03
1.343558e+02	4.717163e+02	4.450075e-01	1.361937e+03
1.374917e+02	4.836089e+02	4.537282e-01	1.368883e+03
1.407008e+02	4.958014e+02	4.626198e-01	1.375865e+03
1.439848e+02	5.081803e+02	4.715914e-01	1.382903e+03
1.473454e+02	5.208457e+02	4.807197e-01	1.389981e+03
1.507845e+02	5.338269e+02	4.900247e-01	1.397096e+03
1.543038e+02	5.471815e+02	4.995546e-01	1.404222e+03
1.579053e+02	5.609582e+02	5.093485e-01	1.411339e+03
1.615909e+02	5.750817e+02	5.193343e-01	1.418494e+03
1.653624e+02	5.895507e+02	5.295081e-01	1.425688e+03
1.692220e+02	6.043237e+02	5.398349e-01	1.432930e+03
1.731717e+02	6.194669e+02	5.503630e-01	1.440211e+03
1.772136e+02	6.349764e+02	5.610907e-01	1.447520e+03
1.813498e+02	6.507554e+02	5.719757e-01	1.454791e+03
1.855825e+02	6.669264e+02	5.830719e-01	1.462099e+03
1.899141e+02	6.835361e+02	5.944086e-01	1.469444e+03
1.943467e+02	7.007020e+02	6.060632e-01	1.476824e+03
1.988828e+02	7.182991e+02	6.179463e-01	1.484242e+03
2.035248e+02	7.362657e+02	6.300234e-01	1.491675e+03
2.082751e+02	7.546070e+02	6.422966e-01	1.499124e+03
2.131362e+02	7.734052e+02	6.548088e-01	1.506610e+03
2.181109e+02	7.927162e+02	6.675821e-01	1.514162e+03
2.232016e+02	8.125143e+02	6.806064e-01	1.521755e+03
2.284112e+02	8.327929e+02	6.938909e-01	1.529353e+03
2.337424e+02	8.535596e+02	7.074426e-01	1.536947e+03
2.391980e+02	8.733980e+02	7.439677e-01	1.495490e+03
2.447809e+02	8.789809e+02	7.486971e-01	1.500957e+03
2.504942e+02	8.846942e+02	7.535552e-01	1.506444e+03
2.563407e+02	8.905407e+02	7.585443e-01	1.511951e+03
2.623238e+02	8.965238e+02	7.636670e-01	1.517478e+03
2.684465e+02	9.026465e+02	7.689256e-01	1.523025e+03
2.747121e+02	9.089121e+02	7.743228e-01	1.528593e+03
2.811239e+02	9.153239e+02	7.798611e-01	1.534181e+03
2.876854e+02	9.218854e+02	7.855432e-01	1.539789e+03
2.944000e+02	9.286000e+02	7.913717e-01	1.545418e+03
3.012714e+02	9.354714e+02	7.973495e-01	1.551067e+03
3.083031e+02	9.425031e+02	8.034792e-01	1.556738e+03
3.154990e+02	9.496990e+02	8.097638e-01	1.562428e+03
3.228628e+02	9.570628e+02	8.162062e-01	1.568140e+03
3.303985e+02	9.645985e+02	8.228093e-01	1.573873e+03
3.381101e+02	9.723101e+02	8.295761e-01	1.579626e+03
3.460016e+02	9.802016e+02	8.365098e-01	1.585401e+03
3.540774e+02	9.882774e+02	8.436135e-01	1.591196e+03
3.623416e+02	9.965416e+02	8.508904e-01	1.597013e+03
3.707988e+02	1.004999e+03	8.583438e-01	1.602851e+03
3.794533e+02	1.013653e+03	8.659770e-01	1.608711e+03
3.883098e+02	1.022510e+03	8.737934e-01	1.614592e+03
3.973730e+02	1.031573e+03	8.817966e-01	1.620494e+03
4.066478e+02	1.040848e+03	8.899899e-01	1.626418e+03
4.161391e+02	1.050339e+03	8.983771e-01	1.632364e+03
4.258518e+02	1.060052e+03	9.069619e-01	1.638331e+03
4.357913e+02	1.069991e+03	9.157479e-01	1.644320e+03
4.459628e+02	1.080163e+03	9.247390e-01	1.650331e+03
4.563716e+02	1.090572e+03	9.339391e-01	1.656364e+03
4.670234e+02	1.101223e+03	9.433522e-01	1.662419e+03
4.779239e+02	1.112124e+03	9.529824e-01	1.668496e+03
4.890787e+02	1.123279e+03	9.628338e-01	1.674596e+03
5.004939e+02	1.134694e+03	9.729105e-01	1.680718e+03
5.121755e+02	1.146376e+03	9.832170e-01	1.686862e+03
5.241298e+02	1.158330e+03	9.937576e-01	1.693028e+03
5.363631e+02	1.170563e+03	1.004537e+00	1.699217e+03
5.488820e+02	1.183082e+03	1.015559e+00	1.705429e+03
5.616930e+02	1.195893e+03	1.026829e+00	1.711663e+03
5.748030e+02	1.209003e+03	1.038352e+00	1.717921e+03
5.882190e+02	1.222419e+03	1.050132e+00	1.724201e+03
6.019482e+02	1.236148e+03	1.062174e+00	1.730504e+03
6.159978e+02	1.250198e+03	1.074484e+00	1.736830e+03
6.303753e+02	1.264575e+03	1.087066e+00	1.743179e+03
6.450884e+02	1.279288e+03	1.099926e+00	1.749552e+03
6.601449e+02	1.294345e+03	1.113069e+00	1.755947e+03
6.755528e+02	1.309753e+03	1.126500e+00	1.762366e+03
6.913204e+02	1.325520e+03	1.140225e+00	1.768809e+03
7.074559e+02	1.341656e+03	1.154250e+00	1.775275e+03
7.239681e+02	1.358168e+03	1.168581e+00	1.781765e+03
7.408657e+02	1.375066e+03	1.183223e+00	1.788278e+03
7.581576e+02	1.392358e+03	1.198182e+00	1.794816e+03
7.758532e+02	1.410053e+03	1.213464e+00	1.801377e+03
7.939618e+02	1.428162e+03	1.229076e+00	1.807962e+03
8.124930e+02	1.446693e+03	1.245025e+00	1.814571e+03
8.314568e+02	1.465657e+03	1.261315e+00	1.821205e+03
8.508632e+02	1.485063e+03	1.277955e+00	1.827862e+03
8.707225e+02	1.504922e+03	1.294951e+00	1.834544e+03
8.910453e+02	1.525245e+03	1.312309e+00	1.841251e+03
9.118425e+02	1.546043e+03	1.330037e+00	1.847982e+03
9.331251e+02	1.567325e+03	1.348142e+00	1.854737e+03
9.549045e+02	1.589104e+03	1.366632e+00	1.861518e+03
9.771921e+02	1.611392e+03	1.385512e+00	1.868323e+03
1.000000e+03	1.634200e+03	1.404792e+00	1.875153e+03
1.000000e+03	1.634200e+03	1.404792e+00	1.875153e+03
2.154435e+03	2.788635e+03	2.334756e+00	2.117168e+03
4.641589e+03	5.275789e+03	4.148804e+00	2.390419e+03
1.000000e+04	1.063420e+04	7.645309e+00	2.698936e+03
2.154435e+04	2.217855e+04	1.434821e+01	3.047272e+03
4.641589e+04	4.705009e+04	2.716587e+01	3.440566e+03
1.000000e+05	1.006342e+05	5.164834e+01	3.884621e+03
2.154435e+05	2.160777e+05	9.838634e+01	4.385986e+03
4.641589e+05	4.647931e+05	1.875890e+02	4.952061e+03
1.000000e+06	1.000634e+06	3.578187e+02	5.591195e+03
1.000000e+10	1.000000e+10	1.000000e+10	1.000000e+10
