1.000000e-50	1.000000e-50
1.000000e-10	1.093623e-04
2.636651e-10	1.956588e-04
6.951928e-10	3.500507e-04
1.832981e-09	6.262713e-04
4.832930e-09	1.120454e-03
1.274275e-08	2.004591e-03
3.359818e-08	3.586388e-03
8.858668e-08	6.416362e-03
2.335721e-07	1.147943e-02
6.158482e-07	2.053771e-02
1.623777e-06	3.674376e-02
4.281332e-06	6.573780e-02
1.128838e-05	1.176107e-01
2.976351e-05	2.104158e-01
7.847600e-05	3.764522e-01
2.069138e-04	6.735060e-01
5.455595e-04	1.204961e+00
1.438450e-03	2.155781e+00
3.792690e-03	3.856881e+00
1.000000e-02	6.900297e+00
1.000000e-02	6.900297e+00
1.264855e-02	7.944970e+00
1.599859e-02	9.147802e+00
2.023590e-02	1.053274e+01
2.559548e-02	1.212735e+01
3.237458e-02	1.396337e+01
4.094915e-02	1.607736e+01
5.179475e-02	1.851140e+01
6.551286e-02	2.131394e+01
8.286428e-02	2.454077e+01
1.048113e-01	2.825613e+01
1.325711e-01	3.253398e+01
1.676833e-01	3.745947e+01
2.120951e-01	4.313066e+01
2.682696e-01	4.966045e+01
3.393222e-01	5.717881e+01
4.291934e-01	6.583542e+01
5.428675e-01	7.580260e+01
6.866488e-01	8.727876e+01
8.685114e-01	9.646764e+01
1.098541e+00	1.063580e+02
1.389495e+00	1.169341e+02
1.757511e+00	1.284117e+02
2.222996e+00	1.407474e+02
2.811769e+00	1.541941e+02
3.556480e+00	1.685969e+02
4.498433e+00	1.742695e+02
5.689866e+00	1.801331e+02
7.196857e+00	1.861939e+02
9.102982e+00	1.924587e+02
1.151395e+01	1.989342e+02
1.456348e+01	2.059366e+02
1.842070e+01	2.132768e+02
2.329952e+01	2.208786e+02
2.947052e+01	2.287513e+02
3.727594e+01	2.467817e+02
4.714866e+01	2.963759e+02
5.963623e+01	3.595275e+02
7.543120e+01	4.365773e+02
9.540955e+01	5.306580e+02
1.206793e+02	6.457499e+02
1.526418e+02	7.333418e+02
1.930698e+02	7.737698e+02
2.442053e+02	8.249053e+02
3.088844e+02	8.895844e+02
3.906940e+02	9.713940e+02
4.941713e+02	1.074871e+03
6.250552e+02	1.205755e+03
7.906043e+02	1.371304e+03
1.000000e+03	1.580700e+03
1.000000e+03	1.580700e+03
5.623413e+03	6.204113e+03
3.162278e+04	3.220348e+04
1.778279e+05	1.784086e+05
1.000000e+06	1.000581e+06
1.000000e+10	1.000000e+10
