1.030675e+00	3.460208e-03
1.067485e+00	3.897072e-03
1.104294e+00	4.518928e-03
1.141104e+00	5.018203e-03
1.177914e+00	6.135724e-03
1.251534e+00	7.037100e-03
1.325153e+00	1.019062e-02
1.398773e+00	1.199377e-02
1.538650e+00	1.984464e-02
1.651405e+00	2.967957e-02
1.764159e+00	4.418505e-02
1.876913e+00	6.533786e-02
1.989668e+00	9.567958e-02
2.102422e+00	1.381879e-01
2.215176e+00	1.958154e-01
2.327930e+00	2.705534e-01
2.440685e+00	3.621026e-01
2.553439e+00	4.667145e-01
2.666193e+00	5.771684e-01
2.778948e+00	6.844717e-01
2.891702e+00	7.806042e-01
3.004456e+00	8.606767e-01
3.117211e+00	9.234220e-01
3.229965e+00	9.702780e-01
3.342719e+00	1.004025e+00
3.455473e+00	1.027703e+00
3.568228e+00	1.044012e+00
3.680982e+00	1.055103e+00
