1.000000e-50	1.000000e-50
1.000000e-10	1.424966e-04
2.636651e-10	2.549388e-04
6.951928e-10	4.561078e-04
1.832981e-09	8.160168e-04
4.832930e-09	1.459925e-03
1.274275e-08	2.611934e-03
3.359818e-08	4.672979e-03
8.858668e-08	8.360368e-03
2.335721e-07	1.495743e-02
6.158482e-07	2.676015e-02
1.623777e-06	4.787625e-02
4.281332e-06	8.565480e-02
1.128838e-05	1.532439e-01
2.976351e-05	2.741668e-01
7.847600e-05	4.905084e-01
2.069138e-04	8.775625e-01
5.455595e-04	1.570036e+00
1.438450e-03	2.808932e+00
3.792690e-03	5.025425e+00
1.000000e-02	8.990925e+00
1.000000e-02	8.990925e+00
1.264855e-02	1.035211e+01
1.599859e-02	1.191937e+01
2.023590e-02	1.372391e+01
2.559548e-02	1.580165e+01
3.237458e-02	1.819394e+01
4.094915e-02	2.094842e+01
5.179475e-02	2.411992e+01
6.551286e-02	2.777156e+01
8.286428e-02	3.197605e+01
1.048113e-01	3.681707e+01
1.325711e-01	4.239101e+01
1.676833e-01	4.880881e+01
2.120951e-01	5.619824e+01
2.682696e-01	6.470640e+01
3.393222e-01	7.450265e+01
4.291934e-01	8.578201e+01
5.428675e-01	9.576002e+01
6.866488e-01	1.062090e+02
8.685114e-01	1.172351e+02
1.098541e+00	1.289238e+02
1.389495e+00	1.414639e+02
1.757511e+00	1.548887e+02
2.222996e+00	1.692657e+02
2.811769e+00	1.823916e+02
3.556480e+00	1.965354e+02
4.498433e+00	2.118683e+02
5.689866e+00	2.284155e+02
7.196857e+00	2.464124e+02
9.102982e+00	2.658685e+02
1.151395e+01	2.869584e+02
1.456348e+01	3.098497e+02
1.842070e+01	3.347331e+02
2.329952e+01	3.618705e+02
2.947052e+01	3.915043e+02
3.727594e+01	4.239498e+02
4.714866e+01	4.595608e+02
5.963623e+01	4.987139e+02
7.543120e+01	5.419077e+02
9.540955e+01	5.898861e+02
1.206793e+02	6.429757e+02
1.526418e+02	7.025711e+02
1.930698e+02	7.692570e+02
2.442053e+02	8.447176e+02
3.088844e+02	9.302719e+02
3.906940e+02	1.027846e+03
4.941713e+02	1.236618e+03
6.250552e+02	1.586955e+03
7.906043e+02	1.752504e+03
1.000000e+03	1.961900e+03
1.000000e+03	1.961900e+03
5.623413e+03	6.585313e+03
3.162278e+04	3.258468e+04
1.778279e+05	1.787898e+05
1.000000e+06	1.000962e+06
1.000000e+30	1.000000e+30
