0.001000	1.013409	0.000005	0.001008	0.008821
0.001035	1.013719	0.000006	0.001043	0.009022
0.001071	1.014037	0.000006	0.001080	0.009228
0.001109	1.014362	0.000006	0.001118	0.009439
0.001147	1.014695	0.000007	0.001157	0.009655
0.001187	1.015035	0.000007	0.001198	0.009875
0.001229	1.015384	0.000008	0.001240	0.010100
0.001272	1.015740	0.000008	0.001284	0.010331
0.001316	1.016105	0.000008	0.001329	0.010566
0.001362	1.016478	0.000009	0.001376	0.010807
0.001410	1.016860	0.000010	0.001424	0.011053
0.001459	1.017250	0.000010	0.001474	0.011305
0.001510	1.017650	0.000011	0.001526	0.011563
0.001563	1.018059	0.000011	0.001580	0.011826
0.001618	1.018477	0.000012	0.001636	0.012095
0.001674	1.018905	0.000013	0.001693	0.012370
0.001733	1.019343	0.000013	0.001753	0.012651
0.001793	1.019792	0.000014	0.001815	0.012938
0.001856	1.020250	0.000015	0.001879	0.013232
0.001921	1.020719	0.000016	0.001945	0.013532
0.001988	1.021199	0.000017	0.002013	0.013839
0.002057	1.021690	0.000018	0.002084	0.014153
0.002129	1.022193	0.000019	0.002158	0.014474
0.002204	1.022707	0.000020	0.002234	0.014802
0.002281	1.023233	0.000021	0.002313	0.015137
0.002361	1.023771	0.000022	0.002394	0.015480
0.002443	1.024322	0.000024	0.002479	0.015830
0.002528	1.024886	0.000025	0.002566	0.016188
0.002617	1.025462	0.000027	0.002657	0.016553
0.002708	1.026052	0.000028	0.002751	0.016927
0.002803	1.026656	0.000030	0.002848	0.017309
0.002901	1.027273	0.000032	0.002948	0.017699
0.003002	1.027905	0.000034	0.003053	0.018098
0.003107	1.028552	0.000035	0.003160	0.018506
0.003216	1.029213	0.000038	0.003272	0.018923
0.003328	1.029890	0.000040	0.003388	0.019348
0.003445	1.030582	0.000042	0.003508	0.019783
0.003565	1.035936	0.000061	0.003632	0.200064
0.003690	1.044608	0.000092	0.003762	0.290737
0.003819	1.057315	0.000140	0.003897	0.420922
0.003952	1.070263	0.000190	0.004039	0.189723
0.004090	1.077639	0.000220	0.004188	0.210437
0.004233	1.085877	0.000254	0.004342	0.233237
0.004381	1.095077	0.000294	0.004504	0.258296
0.004534	1.105305	0.000340	0.004672	0.272810
0.004693	1.116222	0.000390	0.004848	0.299747
0.004857	1.128336	0.000448	0.005032	0.329026
0.005026	1.141384	0.000512	0.005225	0.149876
0.005202	1.147331	0.000543	0.005426	0.152617
0.005384	1.153417	0.000575	0.005635	0.155393
0.005572	1.159647	0.000609	0.005853	0.158204
0.005767	1.166024	0.000645	0.006079	0.161051
0.005968	1.172551	0.000683	0.006315	0.163932
0.006177	1.180905	0.000734	0.006560	0.380662
0.006393	1.197110	0.000836	0.006817	0.413164
0.006616	1.214941	0.000952	0.007086	0.447923
0.006848	1.234560	0.001084	0.007370	0.485008
0.007087	1.252905	0.001212	0.007668	0.154904
0.007335	1.259588	0.001260	0.007979	0.154799
0.007591	1.266302	0.001310	0.008303	0.154694
0.007856	1.273048	0.001362	0.008639	0.154590
0.008131	1.279825	0.001416	0.008990	0.154486
0.008415	1.286633	0.001473	0.009355	0.154383
0.008709	1.293473	0.001531	0.009734	0.154281
0.009014	1.300345	0.001592	0.010129	0.154180
0.009329	1.307249	0.001655	0.010540	0.154079
0.009655	1.314185	0.001721	0.010967	0.153978
0.009992	1.321153	0.001790	0.011412	0.153878
0.010342	1.331194	0.001892	0.011875	0.311400
0.010703	1.345749	0.002045	0.012358	0.321722
0.011077	1.360952	0.002211	0.012865	0.332267
0.011464	1.376830	0.002390	0.013395	0.343033
0.011865	1.393414	0.002583	0.013950	0.354014
0.012280	1.405020	0.002723	0.014530	0.188933
0.012709	1.414171	0.002837	0.015135	0.188986
0.013153	1.423384	0.002956	0.015766	0.189039
0.013613	1.432659	0.003080	0.016422	0.189091
0.014089	1.441998	0.003210	0.017106	0.189144
0.014581	1.451400	0.003345	0.017819	0.189195
0.015091	1.460866	0.003485	0.018561	0.189247
0.015618	1.470396	0.003631	0.019334	0.189298
0.016164	1.479991	0.003784	0.020139	0.189349
0.016729	1.489652	0.003943	0.020978	0.189400
0.017314	1.499378	0.004108	0.021852	0.189450
0.017919	1.509170	0.004281	0.022762	0.189500
0.018545	1.519028	0.004460	0.023711	0.189549
0.019194	1.528954	0.004648	0.024698	0.189599
0.019864	1.538933	0.004842	0.025728	0.177633
0.020559	1.548344	0.005033	0.026799	0.177291
0.021277	1.557794	0.005230	0.027915	0.176952
0.022021	1.567284	0.005436	0.029077	0.176615
0.022791	1.576814	0.005649	0.030287	0.176282
0.023587	1.586384	0.005871	0.031547	0.175950
0.024412	1.595993	0.006102	0.032859	0.175622
0.025265	1.605643	0.006341	0.034225	0.175296
0.026148	1.615333	0.006591	0.035647	0.174972
0.027062	1.625063	0.006849	0.037128	0.174652
0.028008	1.634834	0.007118	0.038670	0.174333
0.028987	1.644646	0.007398	0.040275	0.174017
0.030000	1.654383	0.007686	0.041946	0.168457
0.030000	1.654383	0.007686	0.041946	0.168457
0.038745	1.726480	0.010152	0.056741	0.165090
0.050039	1.799659	0.013383	0.076671	0.159336
0.064626	1.873692	0.017606	0.103483	0.155892
0.083464	1.948959	0.023149	0.139519	0.152245
0.107794	2.025882	0.030470	0.187907	0.150621
0.139216	2.104763	0.040167	0.252849	0.151087
0.179797	2.187182	0.053250	0.339999	0.149243
0.232208	2.273980	0.071062	0.456975	0.153548
0.299897	2.367008	0.095739	0.614119	0.162017
0.387316	2.469783	0.130968	0.825620	0.176754
0.500219	2.589136	0.183871	1.111264	0.201788
0.646033	2.739414	0.270103	1.499649	0.245342
0.834352	2.967100	0.439870	2.035737	0.397563
1.077566	3.345168	1.004386	2.600253	1.000000
