0.000000e+00	1.672975e-06	1.672975e-06
0.000000e+00	3.123066e-05	3.123066e-05
3.680982e-02	8.787730e-06	8.787730e-06
7.361963e-02	-7.207463e-06	-7.207463e-06
1.104294e-01	3.899304e-05	3.899304e-05
1.472393e-01	1.643227e-07	1.643227e-07
1.840491e-01	5.642980e-05	5.642980e-05
2.208589e-01	1.319595e-04	1.319595e-04
2.576687e-01	1.415660e-04	2.591962e-05
2.944785e-01	1.909486e-04	1.909486e-04
3.312883e-01	1.550803e-04	1.550803e-04
3.680982e-01	3.013044e-04	3.013044e-04
4.049080e-01	2.920643e-04	2.920643e-04
4.417178e-01	3.353301e-04	3.353301e-04
4.785276e-01	3.560868e-04	3.560868e-04
5.153374e-01	4.700921e-04	4.700921e-04
5.521472e-01	7.470990e-04	7.470990e-04
5.889571e-01	8.213518e-04	8.213518e-04
6.257669e-01	9.712720e-04	9.712720e-04
6.625767e-01	9.216655e-04	9.216655e-04
6.993865e-01	1.429869e-03	8.854746e-05
7.361963e-01	1.857489e-03	1.857489e-03
7.730061e-01	1.978604e-03	4.086139e-05
8.098160e-01	2.117668e-03	2.117668e-03
8.466258e-01	2.154601e-03	3.972548e-05
8.834356e-01	2.234303e-03	2.234303e-03
9.202454e-01	2.450971e-03	7.584742e-05
9.570552e-01	2.543341e-03	2.543341e-03
9.938650e-01	2.961421e-03	7.085344e-05
1.030675e+00	3.460208e-03	3.460208e-03
1.067485e+00	3.897072e-03	7.481327e-05
1.104294e+00	4.518928e-03	4.518928e-03
1.141104e+00	5.018203e-03	1.312599e-04
1.177914e+00	6.135724e-03	1.885979e-05
1.251534e+00	7.037100e-03	2.632925e-05
1.325153e+00	1.019062e-02	5.495434e-05
1.398773e+00	1.199377e-02	6.481607e-04
3.680982e+00	1.077566e+00	0.000000e+00
